1	1
2	0.868
3	0.769
4	0.664
5	0.598
6	0.547
7	0.494
8	0.52
9	0.452
10	0.327
11	0.314
12	0.196
13	0.229
14	0.196
15	0.178
16	0.154
17	0.114
18	0.118
19	0.129
20	0.109
21	0.047
22	0.039
23	0.012
24	0.042
25	0.037
26	0.037
27	0.069
28	0.053
29	0.06
30	0.055
31	0.04
32	0.022
33	0.014
34	0.006
35	0.019
36	0.025
37	0
38	0.009
39	0
40	0.026
41	0.009
42	0.059
43	0.016
44	0.02
45	0.014
46	0.025
47	0
48	0.004
49	0.028
50	0.031
51	0.005
52	0.009
53	0
54	0.045
55	0.002
56	0.027
57	0.001
58	0.017
59	0.004
60	0
61	0.01
62	0.002
63	0
64	0.012
65	0.052
66	0.036
67	0.021
68	0.025
69	0
