1	1
2	0.866
3	0.772
4	0.656
5	0.606
6	0.522
7	0.485
8	0.423
9	0.378
10	0.395
11	0.327
12	0.258
13	0.19
14	0.162
15	0.162
16	0.178
17	0.109
18	0.101
19	0.076
20	0.096
21	0.069
22	0.033
23	0.039
24	0.048
25	0.052
26	0.061
27	0.046
28	0.056
29	0.068
30	0.042
31	0.032
32	0.027
33	0.006
34	0.002
35	0.01
36	0.01
37	0.002
38	0.035
39	0.031
40	0.006
41	0
42	0.017
43	0.001
44	0
45	0.008
46	0.012
47	0.001
48	0.035
49	0.02
50	0.004
51	0.03
52	0.01
53	0.005
54	0.034
55	0.002
56	0
57	0.033
58	0.034
59	0.013
60	0.032
61	0
62	0.029
63	0.041
64	0.018
65	0.029
66	0
67	0.004
68	0.025
69	0.023
