1	1
2	0.868
3	0.755
4	0.683
5	0.619
6	0.569
7	0.466
8	0.364
9	0.373
10	0.452
11	0.356
12	0.221
13	0.227
14	0.181
15	0.172
16	0.14
17	0.156
18	0.13
19	0.122
20	0.099
21	0.058
22	0.03
23	0.031
24	0.032
25	0.053
26	0.06
27	0.048
28	0.062
29	0.061
30	0.052
31	0.028
32	0.01
33	0.037
34	0.045
35	0.059
36	0.055
37	0.014
38	0.001
39	0.018
40	0.002
41	0.067
42	0.063
43	0.026
44	0.036
45	0.01
46	0
47	0.004
48	0.001
49	0.004
50	0.02
51	0.005
52	0.007
53	0.007
54	0.001
55	0.044
56	0.007
57	0.014
58	0.004
59	0.015
60	0.026
61	0
62	0.012
63	0
64	0.046
65	0.03
66	0.015
67	0.034
68	0.005
69	0.078
