1	1
2	0.885
3	0.765
4	0.673
5	0.586
6	0.553
7	0.46
8	0.452
9	0.473
10	0.388
11	0.313
12	0.243
13	0.189
14	0.175
15	0.215
16	0.146
17	0.122
18	0.136
19	0.122
20	0.096
21	0.06
22	0.052
23	0.047
24	0.023
25	0.039
26	0.04
27	0.056
28	0.055
29	0.036
30	0.053
31	0.027
32	0.021
33	0.012
34	0.005
35	0.002
36	0.007
37	0.031
38	0.026
39	0.007
40	0
41	0.034
42	0
43	0.021
44	0
45	0
46	0.01
47	0.025
48	0
49	0.022
50	0.046
51	0.003
52	0.029
53	0.005
54	0.002
55	0
56	0.016
57	0.027
58	0.002
59	0.001
60	0
61	0
62	0.012
63	0.055
64	0.011
65	0.03
66	0.005
67	0.008
68	0
69	0.02
