1	1
2	0.86
3	0.755
4	0.653
5	0.608
6	0.532
7	0.459
8	0.444
9	0.393
10	0.366
11	0.332
12	0.244
13	0.194
14	0.182
15	0.202
16	0.163
17	0.116
18	0.108
19	0.11
20	0.128
21	0.052
22	0.039
23	0.089
24	0.022
25	0.099
26	0.058
27	0.055
28	0.07
29	0.037
30	0.065
31	0.082
32	0.038
33	0.008
34	0.004
35	0.03
36	0.064
37	0.002
38	0.001
39	0.018
40	0.019
41	0.023
42	0.062
43	0.001
44	0.02
45	0.007
46	0.068
47	0.109
48	0.03
49	0.002
50	0.001
51	0.066
52	0.01
53	0.004
54	0
55	0.058
56	0.069
57	0
58	0.043
59	0
60	0.037
61	0.053
62	0.007
63	0.063
64	0.045
65	0.083
66	0.074
67	0.037
68	0.091
69	0.028
