1	1
2	0.874
3	0.759
4	0.663
5	0.576
6	0.548
7	0.479
8	0.471
9	0.389
10	0.33
11	0.389
12	0.255
13	0.168
14	0.199
15	0.167
16	0.153
17	0.128
18	0.136
19	0.114
20	0.108
21	0.052
22	0.051
23	0.044
24	0.04
25	0.008
26	0.078
27	0.041
28	0.044
29	0.05
30	0.094
31	0.05
32	0.028
33	0.022
34	0.057
35	0.006
36	0.025
37	0.028
38	0.039
39	0.057
40	0.008
41	0.005
42	0.001
43	0.01
44	0
45	0.009
46	0.007
47	0.042
48	0.014
49	0.056
50	0.026
51	0.015
52	0.003
53	0.041
54	0.028
55	0.027
56	0
57	0.023
58	0.009
59	0
60	0
61	0.019
62	0.018
63	0
64	0.041
65	0.001
66	0.002
67	0.025
68	0.028
69	0.005
