1	1
2	0.89
3	0.803
4	0.7
5	0.708
6	0.54
7	0.467
8	0.441
9	0.444
10	0.348
11	0.365
12	0.192
13	0.209
14	0.2
15	0.163
16	0.125
17	0.101
18	0.119
19	0.144
20	0.117
21	0.078
22	0.035
23	0.046
24	0.021
25	0.026
26	0.019
27	0.029
28	0.057
29	0.078
30	0.064
31	0.026
32	0.03
33	0.004
34	0.014
35	0.004
36	0.004
37	0
38	0
39	0.046
40	0.011
41	0.021
42	0.023
43	0.016
44	0.013
45	0
46	0.019
47	0.002
48	0.016
49	0.036
50	0.024
51	0.023
52	0.01
53	0.024
54	0.001
55	0.001
56	0.013
57	0
58	0.003
59	0.01
60	0.014
61	0.007
62	0.018
63	0.007
64	0.011
65	0.009
66	0.019
67	0.011
68	0.029
69	0.024
