1	1
2	0.867
3	0.752
4	0.657
5	0.654
6	0.51
7	0.482
8	0.438
9	0.427
10	0.424
11	0.285
12	0.259
13	0.235
14	0.202
15	0.156
16	0.148
17	0.104
18	0.131
19	0.098
20	0.109
21	0.062
22	0.038
23	0.066
24	0.049
25	0.038
26	0.039
27	0.021
28	0.06
29	0.063
30	0.063
31	0.066
32	0.035
33	0.014
34	0.005
35	0.043
36	0.005
37	0.008
38	0.001
39	0.001
40	0
41	0.003
42	0.012
43	0.009
44	0.011
45	0.044
46	0.01
47	0.01
48	0.016
49	0.001
50	0.006
51	0.018
52	0
53	0.002
54	0.021
55	0.005
56	0.028
57	0.052
58	0
59	0.043
60	0
61	0.033
62	0.007
63	0.004
64	0.055
65	0.049
66	0.042
67	0.047
68	0.038
69	0.057
