1	1
2	0.885
3	0.782
4	0.688
5	0.616
6	0.514
7	0.501
8	0.419
9	0.383
10	0.335
11	0.39
12	0.239
13	0.173
14	0.185
15	0.157
16	0.166
17	0.116
18	0.134
19	0.106
20	0.095
21	0.057
22	0.034
23	0.023
24	0.015
25	0.015
26	0.013
27	0.064
28	0.055
29	0.069
30	0.049
31	0.03
32	0.014
33	0.013
34	0.01
35	0.023
36	0.004
37	0
38	0.004
39	0.001
40	0
41	0.024
42	0.014
43	0.009
44	0.023
45	0.001
46	0.002
47	0.007
48	0.009
49	0.025
50	0.015
51	0.003
52	0.002
53	0.014
54	0
55	0.001
56	0.017
57	0.009
58	0.003
59	0.001
60	0.026
61	0.015
62	0
63	0
64	0.008
65	0.003
66	0.015
67	0.008
68	0.007
69	0.013
