1	1
2	0.895
3	0.798
4	0.7
5	0.65
6	0.572
7	0.536
8	0.494
9	0.344
10	0.336
11	0.383
12	0.222
13	0.245
14	0.165
15	0.198
16	0.146
17	0.093
18	0.122
19	0.131
20	0.098
21	0.048
22	0.027
23	0.029
24	0.011
25	0.021
26	0.039
27	0.051
28	0.069
29	0.046
30	0.068
31	0.037
32	0.024
33	0.01
34	0.005
35	0.01
36	0.002
37	0.002
38	0.01
39	0
40	0.007
41	0.003
42	0.003
43	0.02
44	0
45	0.008
46	0.002
47	0.009
48	0.005
49	0.011
50	0.003
51	0
52	0.01
53	0.001
54	0
55	0.007
56	0.012
57	0
58	0.001
59	0
60	0
61	0.008
62	0.016
63	0.012
64	0.014
65	0.011
66	0.006
67	0.016
68	0.004
69	0
