1	1
2	0.885
3	0.779
4	0.681
5	0.588
6	0.495
7	0.489
8	0.459
9	0.408
10	0.376
11	0.357
12	0.256
13	0.226
14	0.166
15	0.155
16	0.151
17	0.114
18	0.107
19	0.114
20	0.102
21	0.05
22	0.033
23	0.026
24	0.02
25	0.035
26	0.033
27	0.029
28	0.059
29	0.052
30	0.061
31	0.032
32	0.02
33	0.018
34	0.009
35	0.004
36	0.004
37	0
38	0.001
39	0
40	0.008
41	0.002
42	0.015
43	0.003
44	0.013
45	0.026
46	0.026
47	0.012
48	0.031
49	0.019
50	0.002
51	0.02
52	0.003
53	0
54	0.021
55	0
56	0
57	0.014
58	0
59	0.003
60	0.02
61	0.022
62	0.029
63	0.018
64	0.022
65	0.024
66	0
67	0.014
68	0
69	0.014
