1	1
2	0.872
3	0.761
4	0.664
5	0.569
6	0.533
7	0.457
8	0.499
9	0.399
10	0.374
11	0.284
12	0.26
13	0.212
14	0.188
15	0.165
16	0.154
17	0.118
18	0.136
19	0.103
20	0.099
21	0.102
22	0.066
23	0.097
24	0.007
25	0.071
26	0.06
27	0.128
28	0.072
29	0.057
30	0.052
31	0.107
32	0.016
33	0.013
34	0.001
35	0.011
36	0.045
37	0.003
38	0.032
39	0.064
40	0.012
41	0
42	0.068
43	0.112
44	0
45	0.043
46	0.001
47	0.068
48	0.014
49	0.075
50	0.001
51	0.04
52	0.039
53	0.001
54	0
55	0.034
56	0
57	0
58	0
59	0
60	0.033
61	0.026
62	0.001
63	0.035
64	0
65	0.095
66	0.075
67	0.075
68	0
69	0.05
