1	1
2	0.899
3	0.796
4	0.692
5	0.594
6	0.534
7	0.481
8	0.467
9	0.381
10	0.406
11	0.393
12	0.232
13	0.228
14	0.199
15	0.132
16	0.167
17	0.093
18	0.098
19	0.125
20	0.115
21	0.054
22	0.028
23	0.019
24	0.02
25	0.011
26	0.031
27	0.07
28	0.057
29	0.056
30	0.058
31	0.05
32	0.014
33	0.007
34	0.013
35	0.018
36	0.006
37	0
38	0.006
39	0.005
40	0
41	0.009
42	0.013
43	0.009
44	0
45	0
46	0.017
47	0.013
48	0.009
49	0.009
50	0.005
51	0.017
52	0.006
53	0.012
54	0
55	0
56	0.01
57	0
58	0.011
59	0
60	0.011
61	0
62	0
63	0
64	0
65	0.012
66	0.006
67	0.025
68	0.003
69	0.011
