1	1
2	1
3	0.496
4	0.338
5	0.237
6	0.176
7	0.13
8	0.079
9	0.053
10	0.047
11	0.037
12	0.022
13	0.015
14	0.018
15	0.014
16	0.013
17	0.012
18	0.014
19	0.011
20	0.009
21	0.008
22	0.008
23	0.011
24	0.012
25	0.006
26	0.008
27	0.007
28	0.006
29	0.008
30	0.001
31	0.006
32	0.013
33	0.002
34	0.011
35	0.007
36	0.011
37	0.005
38	0.009
39	0.013
40	0.009
41	0.006
42	0.012
43	0.017
44	0.013
45	0.006
46	0.011
47	0.005
48	0.004
49	0.004
50	0.006
51	0.004
52	0.002
53	0.009
54	0.007
55	0.01
56	0.01
57	0.01
58	0.004
59	0.01
60	0.004
61	0.013
62	0.01
63	0.007
64	0.008
65	0.011
66	0.009
67	0.01
68	0.008
69	0.009
