1	1
2	1
3	0.502
4	0.346
5	0.238
6	0.181
7	0.138
8	0.116
9	0.068
10	0.059
11	0.034
12	0.021
13	0.016
14	0.012
15	0.012
16	0.011
17	0.011
18	0.015
19	0.011
20	0.013
21	0.007
22	0.009
23	0.01
24	0.012
25	0.006
26	0.003
27	0.005
28	0.002
29	0.009
30	0.008
31	0.001
32	0.004
33	0.008
34	0.007
35	0.009
36	0.006
37	0.008
38	0.007
39	0.008
40	0.007
41	0.013
42	0.012
43	0.013
44	0.01
45	0.012
46	0.012
47	0.003
48	0.005
49	0.006
50	0.007
51	0.007
52	0.008
53	0.008
54	0.01
55	0.008
56	0.01
57	0.008
58	0.01
59	0.013
60	0.005
61	0.01
62	0.006
63	0.002
64	0.012
65	0.012
66	0.015
67	0.005
68	0.005
69	0.01
