1	1
2	1
3	0.493
4	0.37
5	0.224
6	0.188
7	0.142
8	0.091
9	0.067
10	0.054
11	0.035
12	0.024
13	0.016
14	0.017
15	0.01
16	0.014
17	0.01
18	0.011
19	0.01
20	0.01
21	0.009
22	0.011
23	0.01
24	0.011
25	0.002
26	0.001
27	0.004
28	0.006
29	0.01
30	0.009
31	0.007
32	0.006
33	0.007
34	0.009
35	0.003
36	0.008
37	0.002
38	0.012
39	0.008
40	0.013
41	0.014
42	0.012
43	0.003
44	0.011
45	0.014
46	0.01
47	0.009
48	0.01
49	0.006
50	0.006
51	0.01
52	0.008
53	0.005
54	0.009
55	0.008
56	0.007
57	0.014
58	0.005
59	0.008
60	0.008
61	0.012
62	0.01
63	0.008
64	0.007
65	0.008
66	0.014
67	0.011
68	0.013
69	0.003
