1	1
2	1
3	0.511
4	0.373
5	0.262
6	0.192
7	0.116
8	0.089
9	0.074
10	0.046
11	0.037
12	0.021
13	0.021
14	0.017
15	0.012
16	0.008
17	0.007
18	0.014
19	0.006
20	0.015
21	0.008
22	0.009
23	0.016
24	0.005
25	0.01
26	0.004
27	0.008
28	0.008
29	0.006
30	0.009
31	0.01
32	0.016
33	0.003
34	0.006
35	0.009
36	0.009
37	0.012
38	0.003
39	0.016
40	0.014
41	0.008
42	0.007
43	0.009
44	0.006
45	0.007
46	0.01
47	0.009
48	0.004
49	0.007
50	0.006
51	0.006
52	0.009
53	0.002
54	0.007
55	0.009
56	0.006
57	0.011
58	0.003
59	0.007
60	0.004
61	0.012
62	0.015
63	0.009
64	0.008
65	0.009
66	0.008
67	0.01
68	0.016
69	0.006
