1	1
2	1
3	0.502
4	0.344
5	0.252
6	0.228
7	0.13
8	0.085
9	0.071
10	0.047
11	0.038
12	0.024
13	0.021
14	0.014
15	0.011
16	0.009
17	0.009
18	0.009
19	0.007
20	0.01
21	0.013
22	0.013
23	0.006
24	0.009
25	0.004
26	0.005
27	0.007
28	0.012
29	0.009
30	0.008
31	0.007
32	0.008
33	0.006
34	0.012
35	0.005
36	0.013
37	0.003
38	0.01
39	0.011
40	0.009
41	0.012
42	0.008
43	0.013
44	0.005
45	0.012
46	0.005
47	0.012
48	0.014
49	0.006
50	0.013
51	0.006
52	0.007
53	0.009
54	0.009
55	0.006
56	0.008
57	0.016
58	0.011
59	0.009
60	0.01
61	0.012
62	0.011
63	0.013
64	0.01
65	0.01
66	0.011
67	0.009
68	0.008
69	0.012
