1	2947.8764	785.9429	3701.6343	736	2111
2	2584.7804	575.1222	3288.3277	843	2408
3	2487.6817	485.3411	3165.1892	853	2521
4	2370.1275	496.2558	3060.3490	954	2590
5	2375.0978	407.7743	3082.0338	935	2602
6	2361.2825	446.5297	3019.3429	908	2642
7	2374.6815	391.8952	3048.1231	897	2641
8	2366.7036	373.6498	3036.5681	891	2651
9	2386.5786	354.2860	3057.3580	874	2648
10	2366.6098	324.1173	3093.6119	929	2610
11	2363.0006	339.7078	3056.0242	907	2648
12	2392.0574	326.3103	3075.1437	870	2631
13	2402.0841	319.4504	3078.6638	857	2638
14	2327.6798	309.1576	3080.1011	977	2621
15	2396.0960	285.8740	3123.2835	897	2603
16	2408.0296	302.3100	3110.4738	871	2611
17	2409.4154	291.4260	3123.8198	878	2603
18	2411.7331	281.1845	3142.4653	889	2592
19	2408.8971	271.6934	3151.3726	897	2582
20	2433.2650	256.5568	3189.1609	889	2560
21	2497.8350	228.3253	3239.3935	827	2531
22	2410.0003	268.0823	3170.1434	911	2567
23	2450.0670	250.8274	3206.4878	875	2544
24	2461.7627	250.9529	3220.4764	871	2538
25	2465.1971	238.4369	3233.2884	872	2528
26	2454.8919	236.2745	3257.8791	907	2506
27	2464.9059	221.4359	3297.4966	920	2479
28	2472.3330	236.4994	3275.3751	899	2503
29	2495.1911	223.8046	3294.9751	875	2485
30	2503.3455	230.3391	3289.9445	861	2488
31	2485.2237	234.3545	3300.0056	897	2478
32	2519.8249	217.7813	3313.1532	855	2481
33	2513.5935	224.9177	3342.5259	887	2449
34	2531.8940	230.8100	3310.0788	837	2475
35	2506.4778	214.0213	3343.0793	893	2447
36	2562.9414	220.4528	3313.5574	795	2481
37	2525.6690	208.5689	3387.4004	900	2420
38	2559.1269	199.6512	3371.7384	840	2439
39	2578.0876	186.5856	3365.4857	806	2448
40	2555.1771	183.8114	3396.2188	859	2422
41	2561.4702	182.3561	3392.0543	848	2429
42	2588.4449	174.5653	3395.3903	812	2429
43	2604.5400	162.5813	3385.2071	781	2443
44	2596.2487	171.7852	3426.9173	824	2405
45	2581.3169	162.6323	3443.4023	854	2396
46	2638.8986	155.3755	3462.5744	791	2385
47	2595.9755	155.6358	3505.2641	876	2351
48	2631.3307	149.8565	3513.7265	836	2351
49	2721.5467	159.8134	3561.4774	761	2321
