1	3000.1337	784.4496	3703.5586	674	2123
2	2592.3990	593.9307	3273.7516	822	2411
3	2515.5278	511.6092	3154.6882	806	2527
4	2414.1462	463.9191	3096.2342	902	2579
5	2402.9399	463.4451	3049.6849	874	2621
6	2368.1963	418.2996	3050.8833	918	2622
7	2383.2601	389.0830	3058.5850	892	2634
8	2380.3194	371.3066	3052.7796	884	2641
9	2339.9411	369.9419	3046.3927	946	2638
10	2387.7814	345.9318	3070.2074	880	2633
11	2367.5409	344.1344	3055.2545	900	2648
12	2349.7680	343.6645	3056.7313	930	2639
13	2427.3735	290.3008	3126.8538	851	2600
14	2351.1057	311.6512	3086.9272	946	2622
15	2424.1452	302.7482	3111.5071	846	2611
16	2405.0224	284.0918	3147.3070	904	2583
17	2372.1818	288.4340	3134.3716	947	2589
18	2431.7811	279.5506	3136.7507	850	2595
19	2434.8535	275.3221	3156.3693	863	2583
20	2449.1463	274.0809	3158.9756	841	2577
21	2478.0402	264.2871	3180.6137	815	2568
22	2419.8764	271.4407	3167.2311	894	2570
23	2489.9834	258.8682	3199.0501	812	2555
24	2482.4011	255.0095	3217.2828	840	2546
25	2468.9502	228.4029	3284.8408	906	2488
26	2483.5965	245.1285	3254.4360	864	2509
27	2471.1509	247.5269	3241.1722	873	2521
28	2505.1027	244.8472	3235.6002	818	2531
29	2521.9142	234.2424	3264.7711	817	2516
30	2479.8757	251.6763	3246.2346	865	2515
31	2509.7904	238.8824	3273.7155	842	2503
32	2504.7552	232.7561	3297.2065	865	2480
33	2522.9008	232.2108	3307.7256	849	2478
34	2540.6691	214.9519	3350.1099	852	2448
35	2503.0795	231.1249	3315.7438	881	2463
36	2530.2788	217.0765	3328.2585	850	2464
37	2509.6465	212.4848	3346.0875	891	2447
38	2529.3061	208.0303	3384.6646	891	2418
39	2541.4770	202.8812	3352.8265	850	2450
40	2545.5593	198.4633	3372.5304	859	2438
41	2578.0833	187.2850	3367.1935	807	2445
42	2596.1383	178.7073	3395.6429	803	2428
43	2596.0466	171.2653	3415.3242	818	2421
44	2573.9794	164.1045	3426.6429	852	2408
45	2607.3633	162.1136	3419.7420	801	2411
46	2589.8670	158.2234	3461.2230	855	2386
47	2622.4509	167.1053	3464.9614	817	2381
48	2643.3434	160.0724	3502.3697	815	2356
49	2635.4456	164.6062	3512.3988	833	2347
