1	61.0000	1000	61.0000	0
2	61.5449	1984	61.5449	0
3	62.2947	2935	62.2947	0
4	63.3115	3871	63.3115	0
5	63.9862	4775	63.9862	0
6	65.2796	5676	65.2796	0
7	66.5389	6552	66.5389	0
8	68.0027	7317	68.0027	0
9	70.0282	8093	70.0282	0
10	72.3659	8783	72.3659	0
11	75.1214	9400	75.1214	0
12	78.5259	9909	78.5259	0
13	81.6752	10411	81.6752	0
14	86.4397	10758	86.4397	0
15	91.4105	11035	91.4105	0
16	97.5996	11194	97.5996	0
17	103.4648	11362	103.4648	0
18	109.9951	11393	109.9951	0
19	116.8701	11460	116.8701	0
20	124.4325	11482	124.4325	0
21	131.9929	11487	131.9929	0
22	139.3179	11504	139.3179	0
23	146.5076	11502	146.5076	0
24	153.8890	11510	153.8890	0
25	161.6393	11504	161.6393	0
26	169.1032	11505	169.1032	0
27	176.2195	11504	176.2195	0
28	183.9057	11506	183.9057	0
29	191.8313	11503	191.8313	0
30	199.1475	11505	199.1475	0
31	206.3443	11499	206.3443	0
32	214.0756	11501	214.0756	0
33	221.6426	11504	221.6426	0
34	228.5617	11499	228.5617	0
35	236.7490	11500	236.7490	0
36	244.1508	11499	244.1508	0
37	251.9601	11499	251.9601	0
38	258.9780	11499	258.9780	0
39	266.7995	11498	266.7995	0
40	274.6328	11503	274.6328	0
41	281.3688	11498	281.3688	0
42	288.9470	11500	288.9470	0
43	296.6170	11494	296.6170	0
44	303.8544	11494	303.8544	0
45	311.8453	11495	311.8453	0
46	318.9786	11497	318.9786	0
47	326.5642	11495	326.5642	0
48	333.4101	11490	333.4101	0
49	341.5306	11497	341.5306	0
50	348.9290	11494	348.9290	0
51	356.7219	11494	356.7219	0
52	363.9560	11491	363.9560	0
53	371.8494	11489	371.8494	0
54	378.6139	11494	378.6139	0
55	386.1084	11488	386.1084	0
56	394.3567	11493	394.3567	0
57	401.6333	11492	401.6333	0
58	409.3968	11489	409.3968	0
59	416.9174	11492	416.9174	0
60	424.2349	11489	424.2349	0
61	430.8459	11491	430.8459	0
62	439.1697	11489	439.1697	0
63	446.7223	11486	446.7223	0
64	454.0763	11487	454.0763	0
65	461.2211	11490	461.2211	0
66	469.0669	11482	469.0669	0
67	476.4153	11484	476.4153	0
68	484.3869	11487	484.3869	0
69	491.6427	11493	491.6427	0
70	498.9330	11484	498.9330	0
71	506.4655	11483	506.4655	0
72	514.1887	11485	514.1887	0
73	521.2903	11484	521.2903	0
74	528.6763	11482	528.6763	0
75	536.8201	11483	536.8201	0
76	543.5248	11483	543.5248	0
77	551.2977	11478	551.2977	0
78	558.7758	11480	558.7758	0
79	566.5067	11478	566.5067	0
80	573.8044	11475	573.8044	0
81	581.5380	11484	581.5380	0
82	589.1142	11480	589.1142	0
83	596.2729	11482	596.2729	0
84	604.1906	11477	604.1906	0
85	611.4748	11470	611.4748	0
86	618.7082	11480	618.7082	0
87	626.2634	11479	626.2634	0
88	633.9944	11481	633.9944	0
89	641.0912	11476	641.0912	0
90	648.9563	11473	648.9563	0
91	656.9466	11473	656.9466	0
92	664.0162	11471	664.0162	0
93	671.6502	11469	671.6502	0
94	679.0531	11475	679.0531	0
95	686.2983	11469	686.2983	0
96	693.9040	11474	693.9040	0
97	701.2702	11470	701.2702	0
98	708.9507	11469	708.9507	0
99	716.9840	11466	716.9840	0
