0	107	310	0
3	107	309	0
7	107	309	0
10	108	308	0
14	109	308	0
18	107	308	0
21	108	308	0
25	108	308	0
28	108	308	0
32	108	308	0
36	108	307	0
39	109	307	0
43	108	307	0
46	108	307	0
50	107	307	0
54	108	307	0
57	108	307	0
61	109	307	0
64	109	307	0
68	108	307	0
72	108	307	0
75	107	307	0
79	107	307	0
82	109	307	0
86	108	307	0
90	108	307	0
93	108	307	0
97	108	307	0
100	108	307	0
104	107	307	0
108	108	307	0
111	108	307	0
115	107	307	0
118	109	307	0
122	107	307	0
126	108	307	0
129	108	307	0
133	108	307	0
136	108	307	0
140	108	307	0
144	109	307	0
147	108	307	0
151	108	307	0
154	109	307	0
158	109	307	0
162	108	307	0
165	108	307	0
169	108	307	0
172	108	307	0
176	109	307	0
180	108	307	0
183	108	307	0
187	107	307	0
190	108	307	0
194	107	307	0
198	108	307	0
201	108	307	0
205	108	307	0
208	109	307	0
212	109	307	0
216	109	307	0
219	107	307	0
223	106	313	0
226	114	296	0
230	113	293	0
234	115	292	0
237	115	291	0
241	112	291	0
244	115	290	0
248	113	290	0
252	114	290	0
255	114	290	0
259	114	290	0
262	114	290	0
266	114	290	0
270	113	289	0
273	113	289	0
277	114	289	0
280	116	289	0
284	114	289	0
288	116	289	0
291	115	289	0
295	115	289	0
298	115	289	0
302	114	289	0
306	113	289	0
309	113	289	0
313	114	289	0
316	115	289	0
320	114	289	0
324	115	289	0
327	115	289	0
331	114	289	0
334	114	289	0
338	115	289	0
342	113	289	0
345	114	289	0
349	112	289	0
352	114	289	0
356	114	289	0
360	114	289	0
363	115	289	0
367	115	289	0
370	114	289	0
374	115	289	0
378	113	289	0
381	114	289	0
385	115	289	0
388	114	289	0
392	114	289	0
396	114	289	0
399	115	289	0
403	114	289	0
406	113	289	0
410	112	289	0
414	114	289	0
417	113	289	0
421	115	289	0
424	115	289	0
428	114	289	0
432	114	289	0
435	115	289	0
439	113	289	0
442	116	289	0
446	115	289	0
450	113	289	0
453	115	289	0
457	114	289	0
460	112	289	0
464	114	290	0
468	115	290	0
471	113	290	0
475	113	290	0
478	114	290	0
482	115	290	0
486	114	290	0
489	114	291	0
493	113	291	0
496	113	292	0
500	112	294	0
504	110	300	0
507	104	324	0
511	102	323	0
514	103	323	0
518	103	323	0
522	103	323	0
525	104	323	0
529	103	323	0
532	103	323	0
536	103	323	0
540	104	323	0
543	104	323	0
547	103	323	0
550	103	323	0
554	104	323	0
558	103	323	0
561	104	323	0
565	101	332	0
568	105	317	0
572	106	312	0
576	106	310	0
579	107	309	0
583	108	309	0
586	108	308	0
590	107	308	0
594	107	308	0
597	107	308	0
601	109	308	0
604	107	308	0
608	108	308	0
612	108	307	0
615	107	307	0
619	109	307	0
622	109	307	0
626	108	307	0
630	108	307	0
633	107	307	0
637	110	307	0
640	109	307	0
644	107	307	0
648	108	307	0
651	107	307	0
655	107	307	0
658	108	307	0
662	110	307	0
666	107	307	0
669	109	307	0
673	109	307	0
676	108	307	0
680	107	307	0
684	108	307	0
687	107	307	0
691	109	307	0
694	109	307	0
698	108	307	0
702	108	307	0
705	109	307	0
709	106	307	0
712	109	307	0
716	106	307	0
720	109	307	0
723	108	307	0
727	108	307	0
730	106	307	0
734	107	307	0
738	108	307	0
741	108	307	0
745	107	307	0
748	107	307	0
752	109	307	0
756	109	307	0
759	109	307	0
763	109	307	0
766	109	307	0
770	109	307	0
774	108	307	0
777	107	307	0
781	108	307	0
784	107	307	0
788	108	307	0
792	109	307	0
795	107	307	0
799	108	307	0
802	109	307	0
806	107	308	0
810	108	308	0
813	109	308	0
817	109	308	0
820	108	308	0
824	108	308	0
828	108	308	0
831	109	309	0
835	107	309	0
838	107	310	0
842	107	311	0
846	106	315	0
849	97	346	0
853	76	439	0
856	77	438	0
