0.0	1
0.027777777777777776	1
0.05555555555555555	1
0.08333333333333333	1
0.1111111111111111	1
0.1388888888888889	1
0.16666666666666666	1
0.19444444444444445	1
0.2222222222222222	1
0.25	1
0.2777777777777778	1
0.3055555555555556	1
0.3333333333333333	1
0.3611111111111111	1
0.3888888888888889	1
0.4166666666666667	1
0.4444444444444444	1
0.4722222222222222	1
0.5	1
0.5277777777777778	1
0.5555555555555556	1
0.5833333333333334	1
0.6111111111111112	1
0.6388888888888888	1
0.6666666666666666	1
0.6944444444444444	1
0.7222222222222222	1
0.75	1
0.7777777777777778	1
0.8055555555555556	1
0.8333333333333334	1
0.8611111111111112	1
0.8888888888888888	1
0.9166666666666666	1
0.9444444444444444	1
0.9722222222222222	1
1.0	1
1.0277777777777777	1
1.0555555555555556	1
1.0833333333333333	1
1.1111111111111112	1
1.1388888888888888	1
1.1666666666666667	1
1.1944444444444444	1
1.2222222222222223	1
1.25	1
1.2777777777777777	1
1.3055555555555556	1
1.3333333333333333	1
1.3611111111111112	1
1.3888888888888888	1
1.4166666666666667	1
1.4444444444444444	1
1.4722222222222223	1
1.5	1
1.5277777777777777	1
1.5555555555555556	1
1.5833333333333333	1
1.6111111111111112	1
1.6388888888888888	1
1.6666666666666667	1
1.6944444444444444	1
1.7222222222222223	1
1.75	1
1.7777777777777777	1
1.8055555555555556	1
1.8333333333333333	1
1.8611111111111112	1
1.8888888888888888	1
1.9166666666666667	1
1.9444444444444444	1
1.9722222222222223	1
2.0	1
2.0277777777777777	1
2.0555555555555554	1
2.0833333333333335	1
2.111111111111111	1
2.138888888888889	1
2.1666666666666665	1
2.1944444444444446	1
2.2222222222222223	1
2.25	1
2.2777777777777777	1
2.3055555555555554	1
2.3333333333333335	1
2.361111111111111	1
2.388888888888889	1
2.4166666666666665	1
2.4444444444444446	1
2.4722222222222223	1
2.5	1
2.5277777777777777	2
2.5555555555555554	2
2.5833333333333335	2
2.611111111111111	2
2.638888888888889	2
2.6666666666666665	2
2.6944444444444446	2
2.7222222222222223	2
2.75	2
2.7777777777777777	2
2.8055555555555554	2
2.8333333333333335	2
2.861111111111111	2
2.888888888888889	2
2.9166666666666665	2
2.9444444444444446	2
2.9722222222222223	2
3.0	2
3.0277777777777777	2
3.0555555555555554	2
3.0833333333333335	2
3.111111111111111	2
3.138888888888889	2
3.1666666666666665	2
3.1944444444444446	2
3.2222222222222223	2
3.25	2
3.2777777777777777	2
3.3055555555555554	2
3.3333333333333335	2
3.361111111111111	2
3.388888888888889	2
3.4166666666666665	2
3.4444444444444446	2
3.4722222222222223	2
3.5	2
3.5277777777777777	2
3.5555555555555554	2
3.5833333333333335	2
3.611111111111111	2
3.638888888888889	2
3.6666666666666665	2
3.6944444444444446	2
3.7222222222222223	2
3.75	2
3.7777777777777777	2
3.8055555555555554	2
3.8333333333333335	2
3.861111111111111	2
3.888888888888889	2
3.9166666666666665	2
3.9444444444444446	2
3.9722222222222223	2
4.0	2
4.027777777777778	2
4.055555555555555	2
4.083333333333333	2
4.111111111111111	2
4.138888888888889	2
4.166666666666667	2
4.194444444444445	2
4.222222222222222	2
4.25	2
4.277777777777778	2
4.305555555555555	2
4.333333333333333	2
4.361111111111111	2
4.388888888888889	2
4.416666666666667	2
4.444444444444445	2
4.472222222222222	2
4.5	2
4.527777777777778	2
4.555555555555555	2
4.583333333333333	2
4.611111111111111	2
4.638888888888889	2
4.666666666666667	2
4.694444444444445	2
4.722222222222222	2
4.75	2
4.777777777777778	2
4.805555555555555	2
4.833333333333333	2
4.861111111111111	2
4.888888888888889	2
4.916666666666667	2
4.944444444444445	2
4.972222222222222	2
5.0	2
5.027777777777778	2
5.055555555555555	2
5.083333333333333	2
5.111111111111111	2
5.138888888888889	2
5.166666666666667	2
5.194444444444445	2
5.222222222222222	2
5.25	2
5.277777777777778	2
5.305555555555555	2
5.333333333333333	2
5.361111111111111	2
5.388888888888889	2
5.416666666666667	2
5.444444444444445	2
5.472222222222222	2
5.5	2
5.527777777777778	2
5.555555555555555	2
5.583333333333333	2
5.611111111111111	2
5.638888888888889	2
5.666666666666667	2
5.694444444444445	2
5.722222222222222	2
5.75	2
5.777777777777778	2
5.805555555555555	2
5.833333333333333	2
5.861111111111111	2
5.888888888888889	2
5.916666666666667	2
5.944444444444445	2
5.972222222222222	2
6.0	2
6.027777777777778	2
6.055555555555555	2
6.083333333333333	2
6.111111111111111	2
6.138888888888889	2
6.166666666666667	2
6.194444444444445	2
6.222222222222222	3
6.25	3
6.277777777777778	3
6.305555555555555	3
6.333333333333333	3
6.361111111111111	3
6.388888888888889	3
6.416666666666667	3
6.444444444444445	3
6.472222222222222	3
6.5	3
6.527777777777778	3
6.555555555555555	3
6.583333333333333	3
6.611111111111111	3
6.638888888888889	3
6.666666666666667	3
6.694444444444445	3
6.722222222222222	3
6.75	3
6.777777777777778	3
6.805555555555555	3
6.833333333333333	3
6.861111111111111	3
6.888888888888889	3
6.916666666666667	3
6.944444444444445	3
6.972222222222222	3
7.0	3
7.027777777777778	3
7.055555555555555	3
7.083333333333333	3
7.111111111111111	3
7.138888888888889	3
7.166666666666667	3
7.194444444444445	3
7.222222222222222	3
7.25	3
7.277777777777778	3
7.305555555555555	3
7.333333333333333	3
7.361111111111111	3
7.388888888888889	3
7.416666666666667	3
7.444444444444445	3
7.472222222222222	2
7.5	2
7.527777777777778	2
7.555555555555555	2
7.583333333333333	2
7.611111111111111	2
7.638888888888889	2
7.666666666666667	2
7.694444444444445	2
7.722222222222222	2
7.75	2
7.777777777777778	2
7.805555555555555	2
7.833333333333333	2
7.861111111111111	2
7.888888888888889	2
7.916666666666667	2
7.944444444444445	2
7.972222222222222	2
8.0	2
8.027777777777779	2
8.055555555555555	2
8.083333333333334	2
8.11111111111111	2
8.13888888888889	2
8.166666666666666	2
8.194444444444445	2
8.222222222222221	2
8.25	2
8.277777777777779	2
8.305555555555555	2
8.333333333333334	2
8.36111111111111	2
8.38888888888889	2
8.416666666666666	2
8.444444444444445	2
8.472222222222221	2
8.5	2
8.527777777777779	2
8.555555555555555	2
8.583333333333334	2
8.61111111111111	2
8.63888888888889	2
8.666666666666666	2
8.694444444444445	2
8.722222222222221	2
8.75	2
8.777777777777779	2
8.805555555555555	2
8.833333333333334	2
8.86111111111111	2
8.88888888888889	2
8.916666666666666	2
8.944444444444445	2
8.972222222222221	2
9.0	2
9.027777777777779	2
9.055555555555555	2
9.083333333333334	2
9.11111111111111	2
9.13888888888889	2
9.166666666666666	2
9.194444444444445	2
9.222222222222221	2
9.25	2
9.277777777777779	2
9.305555555555555	2
9.333333333333334	2
9.36111111111111	2
9.38888888888889	2
9.416666666666666	2
9.444444444444445	2
9.472222222222221	2
9.5	2
9.527777777777779	2
9.555555555555555	2
9.583333333333334	2
9.61111111111111	2
9.63888888888889	2
9.666666666666666	2
9.694444444444445	2
9.722222222222221	2
9.75	2
9.777777777777779	2
9.805555555555555	2
9.833333333333334	2
9.86111111111111	2
9.88888888888889	2
9.916666666666666	2
9.944444444444445	2
9.972222222222221	2
10.0	2
10.027777777777779	2
10.055555555555555	2
10.083333333333334	2
10.11111111111111	2
10.13888888888889	2
10.166666666666666	2
10.194444444444445	2
10.222222222222221	2
10.25	2
10.277777777777779	2
10.305555555555555	2
10.333333333333334	2
10.36111111111111	2
10.38888888888889	2
10.416666666666666	2
10.444444444444445	2
10.472222222222221	1
10.5	1
10.527777777777779	1
10.555555555555555	1
10.583333333333334	1
10.61111111111111	1
10.63888888888889	1
10.666666666666666	1
10.694444444444445	2
10.722222222222221	2
10.75	2
10.777777777777779	2
10.805555555555555	2
10.833333333333334	2
10.86111111111111	2
10.88888888888889	2
10.916666666666666	2
10.944444444444445	2
10.972222222222221	2
11.0	2
11.027777777777779	2
11.055555555555555	2
11.083333333333334	2
11.11111111111111	2
11.13888888888889	2
11.166666666666666	2
11.194444444444445	2
11.222222222222221	2
11.25	2
11.277777777777779	2
11.305555555555555	2
11.333333333333334	2
11.36111111111111	2
11.38888888888889	2
11.416666666666666	2
11.444444444444445	2
11.472222222222221	2
11.5	2
11.527777777777779	2
11.555555555555555	2
11.583333333333334	2
11.61111111111111	2
11.63888888888889	2
11.666666666666666	2
11.694444444444445	2
11.722222222222221	2
11.75	2
11.777777777777779	2
11.805555555555555	2
11.833333333333334	2
11.86111111111111	2
11.88888888888889	2
11.916666666666666	2
11.944444444444445	2
11.972222222222221	2
12.0	2
12.027777777777779	2
12.055555555555555	2
12.083333333333334	2
12.11111111111111	2
12.13888888888889	2
12.166666666666666	2
12.194444444444445	2
12.222222222222221	2
12.25	2
12.277777777777779	2
12.305555555555555	2
12.333333333333334	2
12.36111111111111	2
12.38888888888889	2
12.416666666666666	2
12.444444444444445	2
12.472222222222221	2
12.5	2
12.527777777777779	2
12.555555555555555	2
12.583333333333334	2
12.61111111111111	2
12.63888888888889	2
12.666666666666666	2
12.694444444444445	2
12.722222222222221	2
12.75	2
12.777777777777779	2
12.805555555555555	2
12.833333333333334	2
12.86111111111111	2
12.88888888888889	2
12.916666666666666	2
12.944444444444445	2
12.972222222222221	2
13.0	2
13.027777777777779	2
13.055555555555555	2
13.083333333333334	2
13.11111111111111	2
13.13888888888889	2
13.166666666666666	2
13.194444444444445	2
13.222222222222221	2
13.25	2
13.277777777777779	2
13.305555555555555	2
13.333333333333334	2
13.36111111111111	2
13.38888888888889	2
13.416666666666666	2
13.444444444444445	2
13.472222222222221	2
13.5	2
13.527777777777779	2
13.555555555555555	2
13.583333333333334	2
13.61111111111111	2
13.63888888888889	2
13.666666666666666	2
13.694444444444445	2
13.722222222222221	2
13.75	2
13.777777777777779	2
13.805555555555555	2
13.833333333333334	2
13.86111111111111	2
13.88888888888889	2
13.916666666666666	2
13.944444444444445	2
13.972222222222221	2
14.0	2
14.027777777777779	2
14.055555555555555	2
14.083333333333334	2
14.11111111111111	2
14.13888888888889	2
14.166666666666666	1
14.194444444444445	1
14.222222222222221	1
14.25	1
14.277777777777779	1
14.305555555555555	1
14.333333333333334	1
14.36111111111111	1
14.38888888888889	1
14.416666666666666	1
14.444444444444445	1
14.472222222222221	1
14.5	1
14.527777777777779	1
14.555555555555555	1
14.583333333333334	1
14.61111111111111	1
14.63888888888889	1
14.666666666666666	1
14.694444444444445	1
14.722222222222221	1
14.75	1
14.777777777777779	1
14.805555555555555	1
14.833333333333334	1
14.86111111111111	1
14.88888888888889	1
14.916666666666666	1
14.944444444444445	1
14.972222222222221	1
15.0	1
15.027777777777779	1
15.055555555555555	1
15.083333333333334	1
15.11111111111111	1
15.13888888888889	1
15.166666666666666	1
15.194444444444445	1
15.222222222222221	1
15.25	1
15.277777777777779	1
15.305555555555555	1
15.333333333333334	1
15.36111111111111	1
15.38888888888889	1
15.416666666666666	1
15.444444444444445	1
15.472222222222221	1
15.5	1
15.527777777777779	1
15.555555555555555	1
15.583333333333334	1
15.61111111111111	1
15.63888888888889	1
15.666666666666666	1
15.694444444444445	1
15.722222222222221	1
15.75	2
15.777777777777779	2
15.805555555555555	2
15.833333333333334	2
15.86111111111111	2
15.88888888888889	2
15.916666666666666	2
15.944444444444445	2
15.972222222222221	2
16.0	2
16.02777777777778	2
16.055555555555557	2
16.083333333333332	2
16.11111111111111	2
16.13888888888889	2
16.166666666666668	2
16.194444444444443	2
16.22222222222222	2
16.25	2
16.27777777777778	2
16.305555555555557	2
16.333333333333332	2
16.36111111111111	2
16.38888888888889	2
16.416666666666668	2
16.444444444444443	2
16.47222222222222	2
16.5	2
16.52777777777778	2
16.555555555555557	2
16.583333333333332	2
16.61111111111111	2
16.63888888888889	2
16.666666666666668	2
16.694444444444443	2
16.72222222222222	2
16.75	2
16.77777777777778	2
16.805555555555557	2
16.833333333333332	2
16.86111111111111	2
16.88888888888889	2
16.916666666666668	2
16.944444444444443	2
16.97222222222222	2
17.0	2
17.02777777777778	2
17.055555555555557	2
17.083333333333332	2
17.11111111111111	2
17.13888888888889	2
17.166666666666668	2
17.194444444444443	2
17.22222222222222	2
17.25	2
17.27777777777778	2
17.305555555555557	2
17.333333333333332	2
17.36111111111111	2
17.38888888888889	2
17.416666666666668	2
17.444444444444443	2
17.47222222222222	2
17.5	2
17.52777777777778	2
17.555555555555557	2
17.583333333333332	2
17.61111111111111	2
17.63888888888889	2
17.666666666666668	2
17.694444444444443	2
17.72222222222222	2
17.75	2
17.77777777777778	2
17.805555555555557	2
17.833333333333332	2
17.86111111111111	2
17.88888888888889	2
17.916666666666668	2
17.944444444444443	2
17.97222222222222	2
18.0	2
18.02777777777778	2
18.055555555555557	2
18.083333333333332	2
18.11111111111111	2
18.13888888888889	2
18.166666666666668	2
18.194444444444443	2
18.22222222222222	2
18.25	2
18.27777777777778	2
18.305555555555557	2
18.333333333333332	2
18.36111111111111	2
18.38888888888889	2
18.416666666666668	2
18.444444444444443	2
18.47222222222222	2
18.5	2
18.52777777777778	2
18.555555555555557	2
18.583333333333332	2
18.61111111111111	2
18.63888888888889	1
18.666666666666668	1
18.694444444444443	1
18.72222222222222	1
18.75	1
18.77777777777778	1
18.805555555555557	1
18.833333333333332	1
18.86111111111111	1
18.88888888888889	1
18.916666666666668	1
18.944444444444443	1
18.97222222222222	1
19.0	1
19.02777777777778	1
19.055555555555557	1
19.083333333333332	1
19.11111111111111	1
19.13888888888889	1
19.166666666666668	1
19.194444444444443	1
19.22222222222222	1
19.25	1
19.27777777777778	1
19.305555555555557	1
19.333333333333332	1
19.36111111111111	1
19.38888888888889	1
19.416666666666668	1
19.444444444444443	1
19.47222222222222	1
19.5	1
19.52777777777778	1
19.555555555555557	1
19.583333333333332	1
19.61111111111111	1
19.63888888888889	1
19.666666666666668	1
19.694444444444443	1
19.72222222222222	1
19.75	1
19.77777777777778	1
19.805555555555557	1
19.833333333333332	1
19.86111111111111	1
19.88888888888889	1
19.916666666666668	1
19.944444444444443	1
19.97222222222222	1
20.0	1
20.02777777777778	1
20.055555555555557	1
20.083333333333332	1
20.11111111111111	1
20.13888888888889	1
20.166666666666668	1
20.194444444444443	1
20.22222222222222	1
20.25	1
20.27777777777778	1
20.305555555555557	1
20.333333333333332	1
20.36111111111111	1
20.38888888888889	1
20.416666666666668	1
20.444444444444443	1
20.47222222222222	1
20.5	1
20.52777777777778	1
20.555555555555557	1
20.583333333333332	1
20.61111111111111	1
20.63888888888889	1
20.666666666666668	1
20.694444444444443	1
20.72222222222222	1
20.75	1
20.77777777777778	1
20.805555555555557	1
20.833333333333332	1
20.86111111111111	1
20.88888888888889	1
20.916666666666668	1
20.944444444444443	1
20.97222222222222	1
21.0	1
21.02777777777778	1
21.055555555555557	1
21.083333333333332	1
21.11111111111111	1
21.13888888888889	1
21.166666666666668	1
21.194444444444443	1
21.22222222222222	1
21.25	1
21.27777777777778	1
21.305555555555557	1
21.333333333333332	1
21.36111111111111	1
21.38888888888889	1
21.416666666666668	1
21.444444444444443	1
21.47222222222222	1
21.5	1
21.52777777777778	1
21.555555555555557	1
21.583333333333332	1
21.61111111111111	1
21.63888888888889	1
21.666666666666668	1
21.694444444444443	1
21.72222222222222	1
21.75	1
21.77777777777778	1
21.805555555555557	1
21.833333333333332	1
21.86111111111111	1
21.88888888888889	1
21.916666666666668	1
21.944444444444443	1
21.97222222222222	1
22.0	1
22.02777777777778	1
22.055555555555557	1
22.083333333333332	1
22.11111111111111	1
22.13888888888889	1
22.166666666666668	1
22.194444444444443	1
22.22222222222222	1
22.25	1
22.27777777777778	1
22.305555555555557	1
22.333333333333332	1
22.36111111111111	1
22.38888888888889	1
22.416666666666668	1
22.444444444444443	1
22.47222222222222	1
22.5	1
22.52777777777778	1
22.555555555555557	1
22.583333333333332	1
22.61111111111111	1
22.63888888888889	1
22.666666666666668	1
22.694444444444443	1
22.72222222222222	1
22.75	1
22.77777777777778	1
22.805555555555557	1
22.833333333333332	1
22.86111111111111	1
22.88888888888889	1
22.916666666666668	1
22.944444444444443	1
22.97222222222222	1
23.0	1
23.02777777777778	1
23.055555555555557	1
23.083333333333332	1
23.11111111111111	1
23.13888888888889	1
23.166666666666668	1
23.194444444444443	1
23.22222222222222	1
23.25	1
23.27777777777778	1
23.305555555555557	1
23.333333333333332	1
23.36111111111111	1
23.38888888888889	1
23.416666666666668	1
23.444444444444443	1
23.47222222222222	1
23.5	1
23.52777777777778	2
23.555555555555557	2
23.583333333333332	2
23.61111111111111	2
23.63888888888889	2
23.666666666666668	2
23.694444444444443	1
23.72222222222222	1
23.75	1
23.77777777777778	1
23.805555555555557	1
23.833333333333332	1
23.86111111111111	1
23.88888888888889	1
23.916666666666668	1
23.944444444444443	1
23.97222222222222	1
