0.0	106	313	0
0.1	107	312	0
0.2	107	312	0
0.3	108	312	0
0.4	105	312	0
0.5	106	312	0
0.6	107	312	0
0.7	106	312	0
0.8	106	311	0
0.9	106	311	0
1.0	106	311	0
1.1	106	311	0
1.2	107	311	0
1.3	107	311	0
1.4	107	311	0
1.5	107	311	0
1.6	106	311	0
1.7	107	311	0
1.8	107	311	0
1.9	108	311	0
2.0	106	311	0
2.1	107	311	0
2.2	107	311	0
2.3	107	311	0
2.4	107	311	0
2.5	398	65	0
2.6	486	48	0
2.7	500	45	0
2.8	497	44	0
2.9	521	43	0
3.0	537	43	0
3.1	533	42	0
3.2	534	42	0
3.3	537	42	0
3.4	526	42	0
3.5	540	42	0
3.6	540	42	0
3.7	531	42	0
3.8	529	41	0
3.9	536	41	0
4.0	531	41	0
4.1	541	41	0
4.2	547	41	0
4.3	544	41	0
4.4	550	41	0
4.5	522	41	0
4.6	527	41	0
4.7	530	41	0
4.8	537	41	0
4.9	537	41	0
5.0	533	41	0
5.1	537	41	0
5.2	545	41	0
5.3	530	41	0
5.4	546	41	0
5.5	534	41	0
5.6	546	41	0
5.7	539	41	0
5.8	539	41	0
5.9	544	41	0
6.0	530	41	0
6.1	548	41	0
6.2	537	41	0
6.3	523	41	0
6.4	531	41	0
6.5	540	41	0
6.6	537	41	0
6.7	524	41	0
6.8	527	41	0
6.9	527	41	0
7.0	537	41	0
7.1	551	41	0
7.2	520	41	0
7.3	544	41	0
7.4	539	41	0
7.5	532	41	0
7.6	539	41	0
7.7	542	41	0
7.8	543	41	0
7.9	543	41	0
8.0	528	41	0
8.1	539	41	0
8.2	543	41	0
8.3	539	41	0
8.4	554	41	0
8.5	523	41	0
8.6	542	41	0
8.7	545	41	0
8.8	550	41	0
8.9	542	41	0
9.0	536	41	0
9.1	521	41	0
9.2	518	42	0
9.3	532	42	0
9.4	536	42	0
9.5	519	42	0
9.6	534	42	0
9.7	540	42	0
9.8	541	42	0
9.9	523	43	0
10.0	520	43	0
10.1	513	44	0
10.2	504	46	0
10.3	450	52	0
10.4	220	134	0
10.5	102	329	0
10.6	101	329	0
10.7	101	329	0
10.8	100	329	0
10.9	102	329	0
11.0	101	329	0
11.1	102	329	0
11.2	103	329	0
11.3	101	329	0
11.4	102	329	0
11.5	102	329	0
11.6	102	329	0
11.7	101	329	0
11.8	102	329	0
11.9	102	329	0
12.0	101	329	0
12.1	102	329	0
12.2	102	329	0
12.3	102	329	0
12.4	102	329	0
12.5	100	329	0
12.6	102	329	0
12.7	102	329	0
12.8	102	329	0
12.9	102	330	0
13.0	102	330	0
13.1	100	330	0
13.2	101	330	0
13.3	101	330	0
13.4	102	330	0
13.5	100	330	0
13.6	101	331	0
13.7	101	331	0
13.8	99	332	0
13.9	101	334	0
14.0	97	340	0
14.1	85	403	0
14.2	76	443	0
14.3	77	443	0
14.4	77	443	0
14.5	76	443	0
14.6	77	443	0
14.7	77	443	0
14.8	77	443	0
14.9	77	443	0
15.0	77	443	0
15.1	77	443	0
15.2	77	443	0
15.3	77	443	0
15.4	76	443	0
15.5	77	443	0
15.6	78	443	0
15.7	83	410	0
15.8	90	371	0
15.9	92	366	0
16.0	92	364	0
16.1	92	363	0
16.2	91	363	0
16.3	94	362	0
16.4	92	362	0
16.5	93	362	0
16.6	93	362	0
16.7	92	362	0
16.8	92	362	0
16.9	94	362	0
17.0	92	361	0
17.1	94	361	0
17.2	93	361	0
17.3	93	361	0
17.4	94	361	0
17.5	93	361	0
17.6	93	361	0
17.7	94	361	0
17.8	93	361	0
17.9	93	361	0
18.0	93	361	0
18.1	94	361	0
18.2	93	361	0
18.3	94	361	0
18.4	93	361	0
18.5	92	361	0
18.6	94	361	0
18.7	92	361	0
18.8	92	361	0
18.9	93	361	0
19.0	93	361	0
19.1	92	361	0
19.2	93	361	0
19.3	94	361	0
19.4	93	361	0
19.5	94	361	0
19.6	94	361	0
19.7	93	361	0
19.8	93	361	0
19.9	93	361	0
20.0	93	361	0
20.1	93	361	0
20.2	93	361	0
20.3	93	361	0
20.4	94	361	0
20.5	92	361	0
20.6	93	361	0
20.7	93	361	0
20.8	93	361	0
20.9	94	361	0
21.0	93	361	0
21.1	93	361	0
21.2	92	361	0
21.3	94	361	0
21.4	92	361	0
21.5	93	361	0
21.6	93	361	0
21.7	92	361	0
21.8	94	361	0
21.9	93	361	0
22.0	93	361	0
22.1	93	361	0
22.2	93	361	0
22.3	92	361	0
22.4	93	362	0
22.5	93	362	0
22.6	93	362	0
22.7	93	362	0
22.8	92	362	0
22.9	93	362	0
23.0	92	362	0
23.1	93	363	0
23.2	92	363	0
23.3	92	364	0
23.4	92	365	0
23.5	97	344	0
23.6	105	319	0
23.7	105	315	0
23.8	107	314	0
