1	1
2	0.869
3	0.76
4	0.662
5	0.593
6	0.52
7	0.489
8	0.426
9	0.435
10	0.453
11	0.329
12	0.217
13	0.194
14	0.192
15	0.16
16	0.143
17	0.138
18	0.112
19	0.084
20	0.109
21	0.071
22	0.067
23	0.034
24	0.017
25	0.059
26	0.014
27	0.045
28	0.048
29	0.058
30	0.075
31	0.044
32	0.027
33	0.034
34	0.015
35	0.028
36	0.003
37	0.004
38	0.023
39	0
40	0.003
41	0.001
42	0.04
43	0.006
44	0.057
45	0.029
46	0.066
47	0
48	0.004
49	0.046
50	0.047
51	0.042
52	0
53	0
54	0.013
55	0.002
56	0
57	0.001
58	0.038
59	0
60	0.002
61	0
62	0.014
63	0.046
64	0.01
65	0.003
66	0.064
67	0.005
68	0.013
69	0.01
