1	1
2	0.867
3	0.761
4	0.658
5	0.573
6	0.544
7	0.441
8	0.431
9	0.326
10	0.387
11	0.382
12	0.244
13	0.214
14	0.181
15	0.168
16	0.153
17	0.113
18	0.124
19	0.102
20	0.102
21	0.056
22	0.074
23	0.032
24	0.043
25	0.039
26	0.043
27	0.067
28	0.052
29	0.066
30	0.06
31	0.051
32	0.056
33	0.01
34	0.006
35	0.048
36	0.001
37	0.001
38	0.023
39	0.015
40	0.046
41	0.062
42	0.025
43	0.006
44	0.029
45	0.035
46	0.052
47	0.032
48	0.014
49	0
50	0.033
51	0.054
52	0
53	0.001
54	0.001
55	0.013
56	0.025
57	0.009
58	0.032
59	0
60	0.016
61	0.004
62	0.043
63	0.032
64	0
65	0.02
66	0.014
67	0.037
68	0.038
69	0.035
