1	1
2	0.87
3	0.766
4	0.662
5	0.578
6	0.538
7	0.473
8	0.424
9	0.36
10	0.39
11	0.391
12	0.262
13	0.26
14	0.19
15	0.158
16	0.153
17	0.124
18	0.13
19	0.128
20	0.11
21	0.068
22	0.056
23	0.023
24	0.023
25	0.054
26	0.041
27	0.061
28	0.044
29	0.045
30	0.073
31	0.031
32	0.037
33	0.032
34	0.031
35	0.02
36	0.004
37	0.016
38	0
39	0
40	0.043
41	0.026
42	0.017
43	0.025
44	0
45	0.036
46	0.011
47	0.031
48	0.03
49	0.009
50	0.001
51	0.004
52	0.001
53	0.015
54	0.002
55	0.011
56	0.05
57	0
58	0.027
59	0.021
60	0
61	0
62	0.064
63	0.001
64	0.018
65	0.024
66	0.047
67	0.017
68	0.017
69	0
