0.0	106	311	0
0.1	105	311	0
0.2	106	311	0
0.3	106	311	0
0.4	105	311	0
0.5	107	311	0
0.6	106	311	0
0.7	108	311	0
0.8	107	311	0
0.9	107	311	0
1.0	107	311	0
1.1	107	311	0
1.2	108	311	0
1.3	106	311	0
1.4	107	311	0
1.5	109	311	0
1.6	107	311	0
1.7	107	311	0
1.8	107	311	0
1.9	107	311	0
2.0	107	311	0
2.1	106	311	0
2.2	108	311	0
2.3	107	311	0
2.4	108	311	0
2.5	105	311	0
2.6	108	311	0
2.7	107	311	0
2.8	107	311	0
2.9	108	311	0
3.0	107	311	0
3.1	108	311	0
3.2	107	311	0
3.3	107	311	0
3.4	108	311	0
3.5	107	311	0
3.6	106	311	0
3.7	107	311	0
3.8	107	311	0
3.9	106	311	0
4.0	108	311	0
4.1	107	311	0
4.2	106	311	0
4.3	107	311	0
4.4	108	311	0
4.5	106	311	0
4.6	106	311	0
4.7	106	311	0
4.8	108	311	0
4.9	176	179	0
5.0	544	41	0
5.1	535	41	0
5.2	540	41	0
5.3	542	41	0
5.4	535	41	0
5.5	542	41	0
5.6	522	41	0
5.7	540	41	0
5.8	542	41	0
5.9	539	41	0
6.0	548	41	0
6.1	527	41	0
6.2	533	41	0
6.3	523	41	0
6.4	535	41	0
6.5	529	41	0
6.6	528	41	0
6.7	535	41	0
6.8	539	41	0
6.9	557	41	0
7.0	541	41	0
7.1	545	41	0
7.2	535	41	0
7.3	551	41	0
7.4	541	41	0
7.5	536	41	0
7.6	545	41	0
7.7	531	41	0
7.8	544	41	0
7.9	537	41	0
8.0	542	41	0
8.1	534	41	0
8.2	520	41	0
8.3	197	152	0
8.4	102	329	0
8.5	103	329	0
8.6	101	329	0
8.7	98	329	0
8.8	101	329	0
8.9	102	329	0
9.0	103	329	0
9.1	101	329	0
9.2	101	329	0
9.3	101	329	0
9.4	102	329	0
9.5	102	329	0
9.6	102	329	0
9.7	101	329	0
9.8	100	329	0
9.9	103	329	0
10.0	101	329	0
10.1	101	329	0
10.2	102	329	0
10.3	102	329	0
10.4	101	329	0
10.5	102	329	0
10.6	102	329	0
10.7	102	329	0
10.8	102	329	0
10.9	101	329	0
11.0	101	329	0
11.1	101	329	0
11.2	101	329	0
11.3	100	329	0
11.4	102	329	0
11.5	102	329	0
11.6	102	329	0
11.7	102	329	0
11.8	100	329	0
11.9	102	329	0
12.0	102	329	0
12.1	101	329	0
12.2	102	329	0
12.3	101	329	0
12.4	80	418	0
12.5	77	443	0
12.6	76	443	0
12.7	77	443	0
12.8	77	443	0
12.9	76	443	0
13.0	78	443	0
13.1	77	443	0
13.2	77	443	0
13.3	77	443	0
13.4	77	443	0
13.5	78	443	0
13.6	75	443	0
13.7	77	443	0
13.8	78	443	0
13.9	77	443	0
14.0	75	443	0
14.1	77	443	0
14.2	76	443	0
14.3	77	443	0
14.4	77	443	0
14.5	77	443	0
14.6	77	443	0
14.7	77	443	0
14.8	77	443	0
14.9	77	443	0
15.0	77	443	0
15.1	77	443	0
15.2	77	443	0
15.3	76	443	0
15.4	77	443	0
15.5	76	443	0
15.6	77	443	0
15.7	77	443	0
15.8	76	443	0
15.9	77	443	0
16.0	77	443	0
16.1	77	443	0
16.2	77	443	0
16.3	76	443	0
16.4	76	443	0
16.5	78	443	0
16.6	77	443	0
16.7	77	443	0
16.8	76	443	0
16.9	76	443	0
17.0	78	443	0
17.1	79	430	0
17.2	93	361	0
17.3	94	361	0
17.4	93	361	0
17.5	93	361	0
17.6	93	361	0
17.7	94	361	0
17.8	93	361	0
17.9	92	361	0
18.0	92	361	0
18.1	93	361	0
18.2	92	361	0
18.3	94	361	0
18.4	93	361	0
18.5	93	361	0
18.6	93	361	0
18.7	93	361	0
18.8	92	361	0
18.9	93	361	0
19.0	93	361	0
19.1	92	361	0
19.2	94	361	0
19.3	93	361	0
19.4	93	361	0
19.5	92	361	0
19.6	94	361	0
19.7	93	361	0
19.8	93	361	0
19.9	93	361	0
20.0	94	361	0
20.1	93	361	0
20.2	94	361	0
20.3	93	361	0
20.4	93	361	0
20.5	94	361	0
20.6	93	361	0
20.7	93	361	0
20.8	93	361	0
20.9	92	361	0
21.0	94	361	0
21.1	92	361	0
21.2	93	361	0
21.3	94	361	0
21.4	93	361	0
21.5	93	361	0
21.6	92	361	0
21.7	92	361	0
21.8	94	361	0
21.9	92	361	0
22.0	92	361	0
22.1	93	361	0
22.2	93	361	0
22.3	93	361	0
22.4	93	361	0
22.5	93	361	0
22.6	93	361	0
22.7	93	361	0
22.8	93	361	0
22.9	93	361	0
23.0	94	361	0
23.1	93	361	0
23.2	92	361	0
23.3	92	361	0
23.4	91	361	0
23.5	93	361	0
23.6	107	312	0
23.7	107	311	0
23.8	107	311	0
