0.0	73	465	0
0.1	73	465	0
0.2	74	465	0
0.3	74	465	0
0.4	73	465	0
0.5	73	465	0
0.6	74	465	0
0.7	73	465	0
0.8	73	465	0
0.9	73	465	0
1.0	74	465	0
1.1	73	465	0
1.2	74	465	0
1.3	73	465	0
1.4	74	465	0
1.5	73	465	0
1.6	73	465	0
1.7	73	465	0
1.8	73	465	0
1.9	73	465	0
2.0	73	465	0
2.1	74	465	0
2.2	73	465	0
2.3	74	465	0
2.4	73	465	0
2.5	93	364	0
2.6	93	363	0
2.7	92	363	0
2.8	93	363	0
2.9	92	363	0
3.0	92	363	0
3.1	92	363	0
3.2	92	363	0
3.3	93	363	0
3.4	93	363	0
3.5	92	363	0
3.6	93	363	0
3.7	94	363	0
3.8	92	363	0
3.9	92	363	0
4.0	92	363	0
4.1	93	363	0
4.2	92	363	0
4.3	93	363	0
4.4	93	363	0
4.5	92	363	0
4.6	93	363	0
4.7	93	363	0
4.8	93	363	0
4.9	92	363	0
5.0	93	363	0
5.1	93	363	0
5.2	91	363	0
5.3	93	363	0
5.4	92	363	0
5.5	92	363	0
5.6	93	363	0
5.7	93	363	0
5.8	93	363	0
5.9	93	363	0
6.0	93	363	0
6.1	93	362	0
6.2	99	339	0
6.3	98	339	0
6.4	98	339	0
6.5	99	339	0
6.6	99	339	0
6.7	98	339	0
6.8	100	339	0
6.9	98	339	0
7.0	98	339	0
7.1	100	339	0
7.2	100	339	0
7.3	99	339	0
7.4	100	339	0
7.5	98	339	0
7.6	98	339	0
7.7	99	339	0
7.8	97	339	0
7.9	99	339	0
8.0	99	339	0
8.1	98	339	0
8.2	99	339	0
8.3	98	339	0
8.4	97	339	0
8.5	98	339	0
8.6	99	339	0
8.7	99	339	0
8.8	98	339	0
8.9	99	339	0
9.0	98	339	0
9.1	99	339	0
9.2	99	339	0
9.3	99	339	0
9.4	100	339	0
9.5	99	339	0
9.6	97	339	0
9.7	99	339	0
9.8	99	339	0
9.9	99	339	0
10.0	100	339	0
10.1	99	339	0
10.2	98	339	0
10.3	98	339	0
10.4	99	339	0
10.5	99	339	0
10.6	100	333	0
10.7	110	303	0
10.8	109	303	0
10.9	109	303	0
11.0	109	303	0
11.1	109	303	0
11.2	110	303	0
11.3	109	303	0
11.4	109	303	0
11.5	110	303	0
11.6	109	303	0
11.7	110	303	0
11.8	109	303	0
11.9	109	303	0
12.0	111	303	0
12.1	108	303	0
12.2	109	303	0
12.3	111	303	0
12.4	109	303	0
12.5	108	303	0
12.6	110	303	0
12.7	109	303	0
12.8	109	303	0
12.9	109	303	0
13.0	110	303	0
13.1	110	303	0
13.2	109	303	0
13.3	110	303	0
13.4	110	303	0
13.5	111	303	0
13.6	109	303	0
13.7	109	303	0
13.8	111	303	0
13.9	108	303	0
14.0	109	303	0
14.1	109	303	0
14.2	111	303	0
14.3	109	303	0
14.4	109	303	0
14.5	110	303	0
14.6	110	303	0
14.7	108	303	0
14.8	110	303	0
14.9	110	303	0
15.0	109	303	0
15.1	109	303	0
15.2	109	303	0
15.3	110	303	0
15.4	111	303	0
15.5	109	303	0
15.6	110	303	0
15.7	379	68	0
15.8	526	41	0
15.9	542	41	0
16.0	538	41	0
16.1	542	41	0
16.2	543	41	0
16.3	541	41	0
16.4	541	41	0
16.5	542	41	0
16.6	548	41	0
16.7	550	41	0
16.8	544	41	0
16.9	540	41	0
17.0	532	41	0
17.1	541	41	0
17.2	535	41	0
17.3	523	41	0
17.4	548	41	0
17.5	527	41	0
17.6	544	41	0
17.7	542	41	0
17.8	554	41	0
17.9	526	41	0
18.0	529	41	0
18.1	546	41	0
18.2	535	41	0
18.3	553	41	0
18.4	546	41	0
18.5	539	41	0
18.6	534	41	0
18.7	546	41	0
18.8	550	41	0
18.9	538	41	0
19.0	538	41	0
19.1	542	41	0
19.2	531	41	0
19.3	531	41	0
19.4	547	41	0
19.5	546	41	0
19.6	546	41	0
19.7	535	41	0
19.8	537	41	0
19.9	534	41	0
20.0	541	41	0
20.1	534	41	0
20.2	542	41	0
20.3	550	41	0
20.4	538	41	0
20.5	528	41	0
20.6	541	41	0
20.7	536	41	0
20.8	545	41	0
20.9	546	41	0
21.0	529	41	0
21.1	520	41	0
21.2	538	41	0
21.3	546	41	0
21.4	530	41	0
21.5	549	41	0
21.6	529	41	0
21.7	535	41	0
21.8	541	41	0
21.9	540	41	0
22.0	548	41	0
22.1	546	41	0
22.2	544	41	0
22.3	529	41	0
22.4	553	41	0
22.5	539	41	0
22.6	531	41	0
22.7	540	41	0
22.8	529	41	0
22.9	537	41	0
23.0	540	41	0
23.1	523	41	0
23.2	530	41	0
23.3	554	41	0
23.4	536	41	0
23.5	525	41	0
23.6	478	49	0
23.7	73	465	0
23.8	74	465	0
