0.0	72	465	0
0.1	73	465	0
0.2	73	465	0
0.3	72	465	0
0.4	74	465	0
0.5	73	465	0
0.6	74	465	0
0.7	74	465	0
0.8	73	465	0
0.9	73	465	0
1.0	74	465	0
1.1	74	465	0
1.2	72	465	0
1.3	74	465	0
1.4	73	465	0
1.5	74	465	0
1.6	72	465	0
1.7	74	465	0
1.8	73	465	0
1.9	73	465	0
2.0	74	465	0
2.1	73	465	0
2.2	74	465	0
2.3	73	465	0
2.4	74	465	0
2.5	72	465	0
2.6	74	465	0
2.7	74	465	0
2.8	73	465	0
2.9	73	465	0
3.0	74	465	0
3.1	72	465	0
3.2	74	465	0
3.3	73	465	0
3.4	74	465	0
3.5	74	465	0
3.6	72	465	0
3.7	74	465	0
3.8	74	465	0
3.9	74	465	0
4.0	74	465	0
4.1	73	465	0
4.2	74	465	0
4.3	73	465	0
4.4	74	465	0
4.5	73	465	0
4.6	73	465	0
4.7	73	465	0
4.8	74	465	0
4.9	77	445	0
5.0	92	363	0
5.1	92	363	0
5.2	92	363	0
5.3	93	363	0
5.4	93	363	0
5.5	93	363	0
5.6	93	363	0
5.7	92	363	0
5.8	93	363	0
5.9	93	363	0
6.0	93	363	0
6.1	92	363	0
6.2	93	363	0
6.3	91	363	0
6.4	93	363	0
6.5	92	363	0
6.6	93	363	0
6.7	93	363	0
6.8	94	363	0
6.9	93	363	0
7.0	94	363	0
7.1	92	363	0
7.2	93	363	0
7.3	94	363	0
7.4	93	363	0
7.5	92	363	0
7.6	94	363	0
7.7	92	363	0
7.8	92	363	0
7.9	93	363	0
8.0	93	363	0
8.1	93	363	0
8.2	92	363	0
8.3	98	344	0
8.4	99	339	0
8.5	100	339	0
8.6	99	339	0
8.7	96	339	0
8.8	98	339	0
8.9	98	339	0
9.0	99	339	0
9.1	98	339	0
9.2	99	339	0
9.3	98	339	0
9.4	99	339	0
9.5	98	339	0
9.6	100	339	0
9.7	98	339	0
9.8	98	339	0
9.9	99	339	0
10.0	98	339	0
10.1	99	339	0
10.2	99	339	0
10.3	98	339	0
10.4	99	339	0
10.5	98	339	0
10.6	99	339	0
10.7	99	339	0
10.8	99	339	0
10.9	98	339	0
11.0	98	339	0
11.1	98	339	0
11.2	100	339	0
11.3	99	339	0
11.4	99	339	0
11.5	98	339	0
11.6	99	339	0
11.7	97	339	0
11.8	101	339	0
11.9	98	339	0
12.0	98	339	0
12.1	98	339	0
12.2	98	339	0
12.3	98	339	0
12.4	107	308	0
12.5	110	303	0
12.6	111	303	0
12.7	110	303	0
12.8	110	303	0
12.9	110	303	0
13.0	109	303	0
13.1	109	303	0
13.2	110	303	0
13.3	110	303	0
13.4	108	303	0
13.5	110	303	0
13.6	110	303	0
13.7	108	303	0
13.8	108	303	0
13.9	110	303	0
14.0	108	303	0
14.1	111	303	0
14.2	109	303	0
14.3	110	303	0
14.4	110	303	0
14.5	109	303	0
14.6	108	303	0
14.7	108	303	0
14.8	110	303	0
14.9	110	303	0
15.0	108	303	0
15.1	111	303	0
15.2	110	303	0
15.3	109	303	0
15.4	112	303	0
15.5	109	303	0
15.6	108	303	0
15.7	108	303	0
15.8	109	303	0
15.9	109	303	0
16.0	109	303	0
16.1	108	303	0
16.2	109	303	0
16.3	108	303	0
16.4	109	303	0
16.5	110	303	0
16.6	109	303	0
16.7	109	303	0
16.8	109	303	0
16.9	110	303	0
17.0	109	303	0
17.1	173	183	0
17.2	532	41	0
17.3	528	41	0
17.4	544	41	0
17.5	527	41	0
17.6	539	41	0
17.7	545	41	0
17.8	525	41	0
17.9	534	41	0
18.0	529	41	0
18.1	540	41	0
18.2	541	41	0
18.3	534	41	0
18.4	541	41	0
18.5	528	41	0
18.6	535	41	0
18.7	542	41	0
18.8	535	41	0
18.9	532	41	0
19.0	533	41	0
19.1	544	41	0
19.2	538	41	0
19.3	542	41	0
19.4	539	41	0
19.5	534	41	0
19.6	551	41	0
19.7	539	41	0
19.8	548	41	0
19.9	519	41	0
20.0	538	41	0
20.1	547	41	0
20.2	538	41	0
20.3	521	41	0
20.4	528	41	0
20.5	563	41	0
20.6	538	41	0
20.7	535	41	0
20.8	531	41	0
20.9	540	41	0
21.0	542	41	0
21.1	529	41	0
21.2	543	41	0
21.3	532	41	0
21.4	531	41	0
21.5	529	41	0
21.6	550	41	0
21.7	534	41	0
21.8	531	41	0
21.9	543	41	0
22.0	555	41	0
22.1	547	41	0
22.2	543	41	0
22.3	536	41	0
22.4	541	41	0
22.5	556	41	0
22.6	550	41	0
22.7	535	41	0
22.8	540	41	0
22.9	531	41	0
23.0	541	41	0
23.1	533	41	0
23.2	545	41	0
23.3	535	41	0
23.4	536	41	0
23.5	561	41	0
23.6	81	417	0
23.7	73	465	0
23.8	74	465	0
