1	1
2	0.866
3	0.769
4	0.664
5	0.569
6	0.506
7	0.474
8	0.515
9	0.389
10	0.404
11	0.371
12	0.2
13	0.184
14	0.168
15	0.174
16	0.177
17	0.126
18	0.1
19	0.122
20	0.098
21	0.046
22	0.049
23	0.02
24	0.04
25	0.011
26	0.083
27	0.052
28	0.051
29	0.059
30	0.057
31	0.056
32	0.01
33	0.01
34	0.003
35	0.01
36	0.013
37	0.031
38	0.04
39	0.021
40	0.008
41	0.041
42	0.003
43	0.022
44	0.022
45	0.055
46	0.002
47	0.026
48	0.021
49	0.005
50	0.014
51	0
52	0.003
53	0.016
54	0.012
55	0.015
56	0.061
57	0
58	0.014
59	0.004
60	0
61	0.032
62	0.018
63	0.044
64	0
65	0.02
66	0.015
67	0.06
68	0.018
69	0.002
