1	1
2	0.874
3	0.781
4	0.662
5	0.565
6	0.488
7	0.454
8	0.511
9	0.369
10	0.397
11	0.312
12	0.289
13	0.203
14	0.192
15	0.179
16	0.141
17	0.123
18	0.129
19	0.105
20	0.135
21	0.076
22	0.042
23	0.016
24	0.046
25	0.044
26	0.046
27	0.053
28	0.065
29	0.068
30	0.054
31	0.034
32	0.016
33	0.013
34	0.008
35	0.032
36	0.035
37	0.007
38	0.001
39	0.031
40	0.012
41	0.026
42	0.006
43	0.052
44	0.032
45	0.034
46	0.019
47	0.018
48	0.008
49	0.01
50	0.009
51	0.007
52	0.004
53	0.035
54	0.001
55	0
56	0.056
57	0.03
58	0.019
59	0.038
60	0.048
61	0.027
62	0.011
63	0
64	0.028
65	0.022
66	0.002
67	0.023
68	0.01
69	0.001
