0.0	78	435	0
0.1	79	435	0
0.2	78	435	0
0.3	79	435	0
0.4	78	435	0
0.5	78	435	0
0.6	78	435	0
0.7	78	435	0
0.8	78	435	0
0.9	78	435	0
1.0	78	435	0
1.1	78	435	0
1.2	79	435	0
1.3	78	435	0
1.4	79	435	0
1.5	77	435	0
1.6	78	435	0
1.7	78	435	0
1.8	77	435	0
1.9	78	435	0
2.0	77	435	0
2.1	78	435	0
2.2	78	435	0
2.3	79	435	0
2.4	78	435	0
2.5	78	435	0
2.6	78	435	0
2.7	77	435	0
2.8	78	435	0
2.9	78	435	0
3.0	79	435	0
3.1	78	435	0
3.2	78	435	0
3.3	78	435	0
3.4	78	435	0
3.5	78	435	0
3.6	78	435	0
3.7	78	435	0
3.8	79	435	0
3.9	77	435	0
4.0	78	435	0
4.1	77	435	0
4.2	77	435	0
4.3	78	435	0
4.4	78	435	0
4.5	78	435	0
4.6	77	435	0
4.7	79	435	0
4.8	77	435	0
4.9	83	407	0
5.0	108	307	0
5.1	109	307	0
5.2	109	307	0
5.3	109	307	0
5.4	109	307	0
5.5	108	307	0
5.6	108	307	0
5.7	108	307	0
5.8	108	307	0
5.9	109	307	0
6.0	108	307	0
6.1	107	307	0
6.2	108	307	0
6.3	108	307	0
6.4	108	307	0
6.5	107	307	0
6.6	108	307	0
6.7	108	307	0
6.8	107	307	0
6.9	109	307	0
7.0	108	307	0
7.1	109	307	0
7.2	109	307	0
7.3	108	307	0
7.4	110	307	0
7.5	108	307	0
7.6	109	307	0
7.7	107	307	0
7.8	109	307	0
7.9	107	307	0
8.0	110	307	0
8.1	108	307	0
8.2	107	307	0
8.3	113	293	0
8.4	115	289	0
8.5	114	289	0
8.6	112	289	0
8.7	116	289	0
8.8	113	289	0
8.9	115	289	0
9.0	116	289	0
9.1	113	289	0
9.2	115	289	0
9.3	115	289	0
9.4	114	289	0
9.5	116	289	0
9.6	114	289	0
9.7	115	289	0
9.8	115	289	0
9.9	113	289	0
10.0	115	289	0
10.1	113	289	0
10.2	114	289	0
10.3	114	289	0
10.4	115	289	0
10.5	114	289	0
10.6	112	289	0
10.7	114	289	0
10.8	114	289	0
10.9	115	289	0
11.0	114	289	0
11.1	114	289	0
11.2	115	289	0
11.3	113	289	0
11.4	117	289	0
11.5	114	289	0
11.6	115	289	0
11.7	115	289	0
11.8	114	289	0
11.9	114	289	0
12.0	115	289	0
12.1	114	289	0
12.2	116	289	0
12.3	114	289	0
12.4	106	316	0
12.5	103	323	0
12.6	104	323	0
12.7	103	323	0
12.8	104	323	0
12.9	103	323	0
13.0	103	323	0
13.1	103	323	0
13.2	104	323	0
13.3	104	323	0
13.4	104	323	0
13.5	102	323	0
13.6	103	323	0
13.7	103	323	0
13.8	103	323	0
13.9	102	323	0
14.0	104	323	0
14.1	103	323	0
14.2	102	323	0
14.3	103	323	0
14.4	104	323	0
14.5	103	323	0
14.6	104	323	0
14.7	105	323	0
14.8	104	323	0
14.9	102	323	0
15.0	103	323	0
15.1	103	323	0
15.2	102	323	0
15.3	103	323	0
15.4	103	323	0
15.5	104	323	0
15.6	102	323	0
15.7	103	323	0
15.8	103	323	0
15.9	102	323	0
16.0	103	323	0
16.1	104	323	0
16.2	104	323	0
16.3	103	323	0
16.4	103	323	0
16.5	103	323	0
16.6	102	323	0
16.7	103	323	0
16.8	103	323	0
16.9	103	323	0
17.0	103	323	0
17.1	105	320	0
17.2	108	307	0
17.3	108	307	0
17.4	110	307	0
17.5	109	307	0
17.6	108	307	0
17.7	107	307	0
17.8	108	307	0
17.9	109	307	0
18.0	109	307	0
18.1	109	307	0
18.2	109	307	0
18.3	108	307	0
18.4	108	307	0
18.5	109	307	0
18.6	108	307	0
18.7	107	307	0
18.8	109	307	0
18.9	106	307	0
19.0	108	307	0
19.1	108	307	0
19.2	109	307	0
19.3	107	307	0
19.4	108	307	0
19.5	108	307	0
19.6	108	307	0
19.7	109	307	0
19.8	108	307	0
19.9	110	307	0
20.0	108	307	0
20.1	108	307	0
20.2	108	307	0
20.3	107	307	0
20.4	107	307	0
20.5	110	307	0
20.6	108	307	0
20.7	108	307	0
20.8	108	307	0
20.9	108	307	0
21.0	110	307	0
21.1	108	307	0
21.2	107	307	0
21.3	109	307	0
21.4	108	307	0
21.5	107	307	0
21.6	108	307	0
21.7	107	307	0
21.8	108	307	0
21.9	107	307	0
22.0	108	307	0
22.1	108	307	0
22.2	109	307	0
22.3	109	307	0
22.4	107	307	0
22.5	109	307	0
22.6	109	307	0
22.7	108	307	0
22.8	108	307	0
22.9	108	307	0
23.0	109	307	0
23.1	109	307	0
23.2	109	307	0
23.3	108	307	0
23.4	109	307	0
23.5	109	307	0
23.6	78	431	0
23.7	79	435	0
23.8	79	435	0
