0.0	105	311	0
0.1	106	311	0
0.2	107	311	0
0.3	107	311	0
0.4	107	311	0
0.5	105	311	0
0.6	107	311	0
0.7	108	311	0
0.8	108	311	0
0.9	107	311	0
1.0	107	311	0
1.1	106	311	0
1.2	108	311	0
1.3	107	311	0
1.4	107	311	0
1.5	106	311	0
1.6	107	311	0
1.7	107	311	0
1.8	107	311	0
1.9	107	311	0
2.0	107	311	0
2.1	107	311	0
2.2	107	311	0
2.3	108	311	0
2.4	106	311	0
2.5	539	41	0
2.6	531	41	0
2.7	543	41	0
2.8	534	41	0
2.9	529	41	0
3.0	533	41	0
3.1	529	41	0
3.2	539	41	0
3.3	539	41	0
3.4	544	41	0
3.5	532	41	0
3.6	548	41	0
3.7	526	41	0
3.8	538	41	0
3.9	551	41	0
4.0	533	41	0
4.1	541	41	0
4.2	544	41	0
4.3	548	41	0
4.4	528	41	0
4.5	540	41	0
4.6	523	41	0
4.7	530	41	0
4.8	531	41	0
4.9	532	41	0
5.0	527	41	0
5.1	542	41	0
5.2	527	41	0
5.3	540	41	0
5.4	541	41	0
5.5	547	41	0
5.6	546	41	0
5.7	545	41	0
5.8	526	41	0
5.9	559	41	0
6.0	538	41	0
6.1	526	41	0
6.2	535	41	0
6.3	553	41	0
6.4	536	41	0
6.5	531	41	0
6.6	541	41	0
6.7	534	41	0
6.8	545	41	0
6.9	546	41	0
7.0	536	41	0
7.1	530	41	0
7.2	547	41	0
7.3	545	41	0
7.4	533	41	0
7.5	548	41	0
7.6	533	41	0
7.7	525	41	0
7.8	541	41	0
7.9	542	41	0
8.0	536	41	0
8.1	539	41	0
8.2	543	41	0
8.3	535	41	0
8.4	543	41	0
8.5	526	41	0
8.6	548	41	0
8.7	541	41	0
8.8	533	41	0
8.9	523	41	0
9.0	535	41	0
9.1	539	41	0
9.2	541	41	0
9.3	542	41	0
9.4	545	41	0
9.5	540	41	0
9.6	551	41	0
9.7	534	41	0
9.8	529	41	0
9.9	526	41	0
10.0	534	41	0
10.1	529	41	0
10.2	530	41	0
10.3	547	41	0
10.4	329	86	1
10.5	101	329	0
10.6	100	329	0
10.7	102	329	0
10.8	102	329	0
10.9	101	329	0
11.0	100	329	0
11.1	101	329	0
11.2	102	329	0
11.3	101	329	0
11.4	100	329	0
11.5	102	329	0
11.6	101	329	0
11.7	100	329	0
11.8	101	329	0
11.9	102	329	0
12.0	102	329	0
12.1	101	329	0
12.2	103	329	0
12.3	100	329	0
12.4	102	329	0
12.5	100	329	0
12.6	101	329	0
12.7	102	329	0
12.8	101	329	0
12.9	102	329	0
13.0	102	329	0
13.1	100	329	0
13.2	101	329	0
13.3	102	329	0
13.4	101	329	0
13.5	101	329	0
13.6	101	329	0
13.7	101	329	0
13.8	102	329	0
13.9	102	329	0
14.0	102	329	0
14.1	88	380	0
14.2	76	443	0
14.3	77	443	0
14.4	77	443	0
14.5	77	443	0
14.6	76	443	0
14.7	77	443	0
14.8	77	443	0
14.9	77	443	0
15.0	76	443	0
15.1	77	443	0
15.2	78	443	0
15.3	77	443	0
15.4	76	443	0
15.5	77	443	0
15.6	76	443	0
15.7	86	388	0
15.8	93	361	0
15.9	93	361	0
16.0	92	361	0
16.1	93	361	0
16.2	92	361	0
16.3	94	361	0
16.4	93	361	0
16.5	93	361	0
16.6	93	361	0
16.7	92	361	0
16.8	93	361	0
16.9	94	361	0
17.0	94	361	0
17.1	92	361	0
17.2	93	361	0
17.3	92	361	0
17.4	92	361	0
17.5	94	361	0
17.6	93	361	0
17.7	93	361	0
17.8	93	361	0
17.9	92	361	0
18.0	93	361	0
18.1	93	361	0
18.2	93	361	0
18.3	93	361	0
18.4	92	361	0
18.5	92	361	0
18.6	94	361	0
18.7	93	361	0
18.8	94	361	0
18.9	92	361	0
19.0	93	361	0
19.1	92	361	0
19.2	94	361	0
19.3	92	361	0
19.4	93	361	0
19.5	93	361	0
19.6	94	361	0
19.7	92	361	0
19.8	93	361	0
19.9	93	361	0
20.0	93	361	0
20.1	94	361	0
20.2	93	361	0
20.3	94	361	0
20.4	93	361	0
20.5	95	361	0
20.6	92	361	0
20.7	94	361	0
20.8	93	361	0
20.9	94	361	0
21.0	92	361	0
21.1	92	361	0
21.2	92	361	0
21.3	94	361	0
21.4	92	361	0
21.5	94	361	0
21.6	94	361	0
21.7	92	361	0
21.8	94	361	0
21.9	94	361	0
22.0	94	361	0
22.1	93	361	0
22.2	94	361	0
22.3	92	361	0
22.4	94	361	0
22.5	93	361	0
22.6	92	361	0
22.7	93	361	0
22.8	94	361	0
22.9	93	361	0
23.0	93	361	0
23.1	94	361	0
23.2	94	361	0
23.3	93	361	0
23.4	93	361	0
23.5	104	319	0
23.6	107	311	0
23.7	107	311	0
23.8	107	311	0
