1	1
2	1
3	0.494
4	0.368
5	0.248
6	0.198
7	0.147
8	0.084
9	0.073
10	0.044
11	0.034
12	0.024
13	0.017
14	0.016
15	0.011
16	0.014
17	0.019
18	0.011
19	0.012
20	0.008
21	0.006
22	0.009
23	0.015
24	0.013
25	0.001
26	0.015
27	0.01
28	0.009
29	0.006
30	0.01
31	0.004
32	0.005
33	0.014
34	0.01
35	0.007
36	0.006
37	0.01
38	0.009
39	0.009
40	0.011
41	0.013
42	0.002
43	0.008
44	0.009
45	0.012
46	0.007
47	0.009
48	0.012
49	0.004
50	0.001
51	0.009
52	0.013
53	0.01
54	0.009
55	0.009
56	0.011
57	0.002
58	0.004
59	0.009
60	0.007
61	0.005
62	0.008
63	0.011
64	0.013
65	0.009
66	0.01
67	0.008
68	0.006
69	0.003
