1	1
2	1
3	0.506
4	0.465
5	0.238
6	0.194
7	0.115
8	0.093
9	0.076
10	0.049
11	0.032
12	0.021
13	0.019
14	0.016
15	0.014
16	0.013
17	0.016
18	0.012
19	0.005
20	0.005
21	0.011
22	0.014
23	0.008
24	0.008
25	0.004
26	0.002
27	0.004
28	0.009
29	0.012
30	0.009
31	0.009
32	0.006
33	0.004
34	0.009
35	0.006
36	0.006
37	0.006
38	0.008
39	0.005
40	0.008
41	0.012
42	0.012
43	0.011
44	0.008
45	0.011
46	0.007
47	0.008
48	0.01
49	0.006
50	0.011
51	0.002
52	0.007
53	0.012
54	0.007
55	0.012
56	0.004
57	0.009
58	0.011
59	0.01
60	0.005
61	0.003
62	0.009
63	0.014
64	0.009
65	0.008
66	0.007
67	0.003
68	0.011
69	0.009
