1	1
2	1
3	0.502
4	0.351
5	0.28
6	0.169
7	0.119
8	0.092
9	0.075
10	0.045
11	0.034
12	0.023
13	0.019
14	0.012
15	0.013
16	0.015
17	0.012
18	0.014
19	0.011
20	0.009
21	0.007
22	0.006
23	0.008
24	0.013
25	0.004
26	0.008
27	0.007
28	0.014
29	0.01
30	0.009
31	0.007
32	0.012
33	0.012
34	0.007
35	0.007
36	0.01
37	0.006
38	0.011
39	0.012
40	0.002
41	0.017
42	0.012
43	0.008
44	0.007
45	0.006
46	0.008
47	0.007
48	0.01
49	0.007
50	0.008
51	0.009
52	0.012
53	0.008
54	0.013
55	0.006
56	0.01
57	0.011
58	0.004
59	0.014
60	0.004
61	0.014
62	0.013
63	0.01
64	0.001
65	0.014
66	0.012
67	0.012
68	0.012
69	0.009
