1	1
2	1
3	0.52
4	0.355
5	0.242
6	0.174
7	0.111
8	0.094
9	0.085
10	0.049
11	0.052
12	0.02
13	0.018
14	0.017
15	0.013
16	0.012
17	0.007
18	0.004
19	0.012
20	0.013
21	0.009
22	0.01
23	0.008
24	0.008
25	0.005
26	0.007
27	0.004
28	0.011
29	0.01
30	0.008
31	0.006
32	0.012
33	0.008
34	0.008
35	0.012
36	0.007
37	0.011
38	0.006
39	0.001
40	0.013
41	0.01
42	0.011
43	0.006
44	0.005
45	0.008
46	0.013
47	0.011
48	0.006
49	0.003
50	0.007
51	0.012
52	0.006
53	0.008
54	0.008
55	0.005
56	0.011
57	0.009
58	0.008
59	0.01
60	0.001
61	0.01
62	0.013
63	0.014
64	0.007
65	0.008
66	0.006
67	0.016
68	0.008
69	0.007
