1	1
2	1
3	0.512
4	0.367
5	0.219
6	0.175
7	0.163
8	0.088
9	0.092
10	0.052
11	0.035
12	0.022
13	0.015
14	0.015
15	0.012
16	0.012
17	0.013
18	0.012
19	0.008
20	0.009
21	0.01
22	0.007
23	0.008
24	0.002
25	0.005
26	0.004
27	0.008
28	0.002
29	0.008
30	0.006
31	0.007
32	0.011
33	0.004
34	0.003
35	0.011
36	0.006
37	0.01
38	0.008
39	0.009
40	0.007
41	0.008
42	0.009
43	0.009
44	0.008
45	0.007
46	0.008
47	0.007
48	0.009
49	0.004
50	0.007
51	0.007
52	0.006
53	0.008
54	0.01
55	0.013
56	0.01
57	0.006
58	0.009
59	0.004
60	0.009
61	0.011
62	0.015
63	0.011
64	0.012
65	0.009
66	0.011
67	0.004
68	0.009
69	0.01
