1	1
2	0.867
3	0.759
4	0.658
5	0.596
6	0.499
7	0.511
8	0.51
9	0.463
10	0.406
11	0.341
12	0.236
13	0.195
14	0.154
15	0.163
16	0.15
17	0.121
18	0.116
19	0.107
20	0.108
21	0.046
22	0.046
23	0.03
24	0.049
25	0.017
26	0.012
27	0.081
28	0.056
29	0.05
30	0.057
31	0.027
32	0.03
33	0.03
34	0.004
35	0.048
36	0.01
37	0.004
38	0.002
39	0.023
40	0.003
41	0
42	0.053
43	0.001
44	0
45	0
46	0.013
47	0.002
48	0
49	0.002
50	0.03
51	0.016
52	0.032
53	0.002
54	0.017
55	0.004
56	0.016
57	0
58	0
59	0
60	0.006
61	0
62	0.039
63	0.001
64	0
65	0.003
66	0.019
67	0
68	0.044
69	0.06
