1	1
2	0.882
3	0.759
4	0.665
5	0.598
6	0.551
7	0.438
8	0.49
9	0.411
10	0.386
11	0.355
12	0.243
13	0.174
14	0.192
15	0.152
16	0.125
17	0.117
18	0.12
19	0.11
20	0.105
21	0.093
22	0.041
23	0.044
24	0.033
25	0.036
26	0.039
27	0.058
28	0.047
29	0.063
30	0.051
31	0.048
32	0.023
33	0.007
34	0.02
35	0.002
36	0.043
37	0.003
38	0
39	0.005
40	0.001
41	0.029
42	0.04
43	0.038
44	0.05
45	0.016
46	0.028
47	0.045
48	0.026
49	0.034
50	0.011
51	0.021
52	0
53	0
54	0
55	0.014
56	0
57	0.026
58	0.003
59	0
60	0.03
61	0.012
62	0.021
63	0.052
64	0.014
65	0.038
66	0.034
67	0.041
68	0.049
69	0.006
