0	73	467	0
3	73	466	0
7	73	466	0
10	73	466	0
14	74	466	0
18	74	466	0
21	72	466	0
25	73	466	0
28	73	465	0
32	74	465	0
36	73	465	0
39	73	465	0
43	73	465	0
46	74	465	0
50	73	465	0
54	73	465	0
57	74	465	0
61	73	465	0
64	72	465	0
68	73	465	0
72	74	465	0
75	73	465	0
79	73	465	0
82	74	465	0
86	73	465	0
90	73	465	0
93	73	465	0
97	73	465	0
100	73	465	0
104	74	465	0
108	73	465	0
111	73	465	0
115	72	465	0
118	73	465	0
122	73	465	0
126	73	465	0
129	74	465	0
133	72	465	0
136	73	465	0
140	74	465	0
144	73	465	0
147	73	465	0
151	73	465	0
154	74	465	0
158	73	465	0
162	74	465	0
165	73	465	0
169	73	465	0
172	73	465	0
176	76	446	0
180	94	363	0
183	91	363	0
187	93	363	0
190	91	363	0
194	93	363	0
198	92	363	0
201	93	363	0
205	94	363	0
208	92	363	0
212	93	363	0
216	92	363	0
219	92	363	0
223	94	363	0
226	93	363	0
230	92	363	0
234	94	363	0
237	91	363	0
241	92	363	0
244	92	363	0
248	93	363	0
252	93	363	0
255	93	363	0
259	92	363	0
262	93	363	0
266	93	363	0
270	93	363	0
273	92	363	0
277	92	363	0
280	93	363	0
284	92	363	0
288	93	363	0
291	92	363	0
295	94	363	0
298	98	344	0
302	98	339	0
306	99	339	0
309	99	339	0
313	99	339	0
316	98	339	0
320	99	339	0
324	99	339	0
327	98	339	0
331	100	339	0
334	99	339	0
338	99	339	0
342	99	339	0
345	98	339	0
349	99	339	0
352	99	339	0
356	100	339	0
360	99	339	0
363	100	339	0
367	98	339	0
370	97	339	0
374	99	339	0
378	99	339	0
381	100	339	0
385	99	339	0
388	98	339	0
392	97	339	0
396	99	339	0
399	99	339	0
403	99	339	0
406	98	339	0
410	100	339	0
414	99	339	0
417	99	339	0
421	98	339	0
424	98	339	0
428	99	339	0
432	98	339	0
435	98	339	0
439	100	339	0
442	98	339	0
446	107	308	0
450	109	303	0
453	109	303	0
457	110	303	0
460	108	303	0
464	108	303	0
468	109	303	0
471	110	303	0
475	108	303	0
478	110	303	0
482	110	303	0
486	109	303	0
489	108	303	0
493	111	303	0
496	107	303	0
500	109	303	0
504	109	303	0
507	110	303	0
511	110	303	0
514	110	303	0
518	109	303	0
522	108	303	0
525	108	303	0
529	108	303	0
532	108	303	0
536	109	303	0
540	110	303	0
543	111	303	0
547	110	303	0
550	110	303	0
554	111	303	0
558	111	303	0
561	109	303	0
565	111	303	0
568	111	303	0
572	110	303	0
576	110	303	0
579	108	303	0
583	109	303	0
586	111	303	0
590	110	303	0
594	109	303	0
597	110	303	0
601	109	303	0
604	109	303	0
608	109	303	0
612	109	303	0
615	166	190	0
619	531	41	0
622	541	41	0
626	543	41	0
630	547	41	0
633	547	41	0
637	535	41	0
640	545	41	0
644	537	41	0
648	539	41	0
651	525	41	0
655	539	41	0
658	535	41	0
662	536	41	0
666	537	41	0
669	541	41	0
673	526	41	0
676	538	41	0
680	523	41	0
684	534	41	0
687	540	41	0
691	525	41	0
694	540	41	0
698	528	41	0
702	549	41	0
705	537	41	0
709	541	41	0
712	545	41	0
716	536	41	0
720	540	41	0
723	527	41	0
727	542	41	0
730	538	41	0
734	524	41	0
738	529	41	0
741	541	41	0
745	540	41	0
748	542	41	0
752	539	41	0
756	535	41	0
759	541	41	0
763	528	41	0
766	542	41	0
770	540	41	0
774	528	41	0
777	538	41	0
781	541	41	0
784	550	41	0
788	531	41	0
792	541	41	0
795	542	41	0
799	534	41	0
802	544	41	0
806	532	42	0
810	525	42	0
813	517	42	0
817	524	42	0
820	540	42	0
824	538	42	0
828	537	42	0
831	527	43	0
835	520	43	0
838	515	44	0
842	495	45	0
846	473	49	0
849	79	431	0
853	73	469	0
856	72	468	0
