0.027777777777777776	0	0	20	0	0	20
0.05555555555555555	0	0	21	0	0	21
0.08333333333333333	0	0	23	0	0	23
0.1111111111111111	0	0	24	0	0	24
0.1388888888888889	0	0	25	0	0	25
0.16666666666666666	0	0	26	0	0	26
0.19444444444444445	0	0	27	0	0	27
0.2222222222222222	0	0	28	0	0	28
0.25	0	0	29	0	0	29
0.2777777777777778	0	0	30	0	0	30
0.3055555555555556	0	0	31	0	0	31
0.3333333333333333	0	0	32	0	0	32
0.3611111111111111	0	0	33	0	0	33
0.3888888888888889	0	0	34	0	0	34
0.4166666666666667	0	0	35	0	0	35
0.4444444444444444	0	0	36	0	0	36
0.4722222222222222	0	0	37	0	0	37
0.5	0	0	38	0	0	38
0.5277777777777778	0	0	39	0	0	39
0.5555555555555556	0	0	40	0	0	40
0.5833333333333334	0	0	41	0	0	41
0.6111111111111112	0	0	42	0	0	42
0.6388888888888888	0	0	43	0	0	43
0.6666666666666666	0	0	44	0	0	44
0.6944444444444444	0	0	45	0	0	45
0.7222222222222222	0	0	46	0	0	46
0.75	0	0	47	0	0	47
0.7777777777777778	0	0	48	0	0	48
0.8055555555555556	0	0	49	0	0	49
0.8333333333333334	0	0	50	0	0	50
0.8611111111111112	0	0	51	0	0	51
0.8888888888888888	0	0	52	0	0	52
0.9166666666666666	0	0	53	0	0	53
0.9444444444444444	0	0	53	0	0	53
0.9722222222222222	0	0	54	0	0	54
1.0	0	0	55	0	0	55
1.0277777777777777	0	0	56	0	0	56
1.0555555555555556	0	0	57	0	0	57
1.0833333333333333	0	0	58	0	0	58
1.1111111111111112	0	0	59	0	0	59
1.1388888888888888	0	0	60	0	0	60
1.1666666666666667	0	0	61	0	0	61
1.1944444444444444	0	0	61	0	0	61
1.2222222222222223	0	0	62	0	0	62
1.25	0	0	63	0	0	63
1.2777777777777777	0	0	64	0	0	64
1.3055555555555556	0	0	65	0	0	65
1.3333333333333333	0	0	66	0	0	66
1.3611111111111112	0	0	66	0	0	66
1.3888888888888888	0	0	67	0	0	67
1.4166666666666667	0	0	68	0	0	68
1.4444444444444444	0	0	69	0	0	69
1.4722222222222223	0	0	70	0	0	70
1.5	0	0	70	0	0	70
1.5277777777777777	0	0	71	0	0	71
1.5555555555555556	0	0	72	0	0	72
1.5833333333333333	0	0	73	0	0	73
1.6111111111111112	0	0	73	0	0	73
1.6388888888888888	0	0	74	0	0	74
1.6666666666666667	0	0	75	0	0	75
1.6944444444444444	0	0	76	0	0	76
1.7222222222222223	0	0	76	0	0	76
1.75	0	0	77	0	0	77
1.7777777777777777	0	0	78	0	0	78
1.8055555555555556	0	0	78	0	0	78
1.8333333333333333	0	0	79	0	0	79
1.8611111111111112	0	0	80	0	0	80
1.8888888888888888	0	0	80	0	0	80
1.9166666666666667	0	0	81	0	0	81
1.9444444444444444	0	0	82	0	0	82
1.9722222222222223	0	0	82	0	0	82
2.0	0	0	83	0	0	83
2.0277777777777777	0	0	83	0	0	83
2.0555555555555554	0	0	84	0	0	84
2.0833333333333335	0	0	85	0	0	85
2.111111111111111	0	0	85	0	0	85
2.138888888888889	0	0	86	0	0	86
2.1666666666666665	0	0	86	0	0	86
2.1944444444444446	0	0	87	0	0	87
2.2222222222222223	0	0	87	0	0	87
2.25	0	0	88	0	0	88
2.2777777777777777	0	0	88	0	0	88
2.3055555555555554	0	0	89	0	0	89
2.3333333333333335	0	0	89	0	0	89
2.361111111111111	0	0	90	0	0	90
2.388888888888889	0	0	90	0	0	90
2.4166666666666665	0	0	91	0	0	91
2.4444444444444446	0	0	91	0	0	91
2.4722222222222223	0	0	92	0	0	92
2.5	0	0	92	0	0	92
2.5277777777777777	0	2	92	0	0	94
2.5555555555555554	0	3	93	0	0	96
2.5833333333333335	0	4	93	0	0	97
2.611111111111111	0	5	94	0	0	99
2.638888888888889	0	6	94	0	0	100
2.6666666666666665	0	7	94	0	0	101
2.6944444444444446	0	8	95	0	0	103
2.7222222222222223	0	9	95	0	0	104
2.75	0	10	95	0	0	105
2.7777777777777777	0	11	96	0	0	107
2.8055555555555554	0	12	96	0	0	108
2.8333333333333335	0	14	96	0	0	110
2.861111111111111	0	15	96	0	0	111
2.888888888888889	0	16	97	0	0	113
2.9166666666666665	0	17	97	0	0	114
2.9444444444444446	0	18	97	0	0	115
2.9722222222222223	0	19	97	0	0	116
3.0	0	20	98	0	0	118
3.0277777777777777	0	21	98	0	0	119
3.0555555555555554	0	22	98	0	0	120
3.0833333333333335	0	23	98	0	0	121
3.111111111111111	0	24	98	0	0	122
3.138888888888889	0	25	99	0	0	124
3.1666666666666665	0	26	99	0	0	125
3.1944444444444446	0	27	99	0	0	126
3.2222222222222223	0	28	99	0	0	127
3.25	0	29	99	0	0	128
3.2777777777777777	0	31	99	0	0	130
3.3055555555555554	0	32	99	0	0	131
3.3333333333333335	0	33	99	0	0	132
3.361111111111111	0	34	99	0	0	133
3.388888888888889	0	35	99	0	0	134
3.4166666666666665	0	36	99	0	0	135
3.4444444444444446	0	37	99	0	0	136
3.4722222222222223	0	38	99	0	0	137
3.5	0	39	99	0	0	138
3.5277777777777777	0	40	99	0	0	139
3.5555555555555554	0	41	99	0	0	140
3.5833333333333335	0	42	99	0	0	141
3.611111111111111	0	43	99	0	0	142
3.638888888888889	0	44	99	0	0	143
3.6666666666666665	0	45	99	0	0	144
3.6944444444444446	0	46	99	0	0	145
3.7222222222222223	0	47	99	0	0	146
3.75	0	48	99	0	0	147
3.7777777777777777	0	48	99	0	0	147
3.8055555555555554	0	49	99	0	0	148
3.8333333333333335	0	50	99	0	0	149
3.861111111111111	0	51	98	0	0	149
3.888888888888889	0	52	98	0	0	150
3.9166666666666665	0	53	98	0	0	151
3.9444444444444446	0	54	98	0	0	152
3.9722222222222223	0	55	98	0	0	153
4.0	0	56	98	0	0	154
4.027777777777778	0	57	97	0	0	154
4.055555555555555	0	58	97	0	0	155
4.083333333333333	0	59	97	0	0	156
4.111111111111111	0	59	97	0	0	156
4.138888888888889	0	60	96	0	0	156
4.166666666666667	0	61	96	0	0	157
4.194444444444445	0	62	96	0	0	158
4.222222222222222	0	63	95	0	0	158
4.25	0	64	95	0	0	159
4.277777777777778	0	65	95	0	0	160
4.305555555555555	0	65	94	0	0	159
4.333333333333333	0	66	94	0	0	160
4.361111111111111	0	67	94	0	0	161
4.388888888888889	0	68	93	0	0	161
4.416666666666667	0	69	93	0	0	162
4.444444444444445	0	69	93	0	0	162
4.472222222222222	0	70	92	0	0	162
4.5	0	71	92	0	0	163
4.527777777777778	0	72	91	0	0	163
4.555555555555555	0	72	91	0	0	163
4.583333333333333	0	73	90	0	0	163
4.611111111111111	0	74	90	0	0	164
4.638888888888889	0	75	90	0	0	165
4.666666666666667	0	75	89	0	0	164
4.694444444444445	0	76	89	0	0	165
4.722222222222222	0	77	88	0	0	165
4.75	0	77	88	0	0	165
4.777777777777778	0	78	87	0	0	165
4.805555555555555	0	79	86	0	0	165
4.833333333333333	0	79	86	0	0	165
4.861111111111111	0	80	85	0	0	165
4.888888888888889	0	81	85	0	0	166
4.916666666666667	0	81	84	0	0	165
4.944444444444445	0	82	84	0	0	166
4.972222222222222	0	83	83	0	0	166
5.0	0	83	82	0	0	165
5.027777777777778	0	84	82	0	0	166
5.055555555555555	0	84	81	0	0	165
5.083333333333333	0	85	81	0	0	166
5.111111111111111	0	86	80	0	0	166
5.138888888888889	0	86	79	0	0	165
5.166666666666667	0	87	79	0	0	166
5.194444444444445	0	87	78	0	0	165
5.222222222222222	0	88	77	0	0	165
5.25	0	88	77	0	0	165
5.277777777777778	0	89	76	0	0	165
5.305555555555555	0	89	75	0	0	164
5.333333333333333	0	90	74	0	0	164
5.361111111111111	0	90	74	0	0	164
5.388888888888889	0	91	73	0	0	164
5.416666666666667	0	91	72	0	0	163
5.444444444444445	0	91	72	0	0	163
5.472222222222222	0	92	71	0	0	163
5.5	0	92	70	0	0	162
5.527777777777778	0	93	69	0	0	162
5.555555555555555	0	93	68	0	0	161
5.583333333333333	0	93	68	0	0	161
5.611111111111111	0	94	67	0	0	161
5.638888888888889	0	94	66	0	0	160
5.666666666666667	0	95	65	0	0	160
5.694444444444445	0	95	64	0	0	159
5.722222222222222	0	95	64	0	0	159
5.75	0	95	63	0	0	158
5.777777777777778	0	96	62	0	0	158
5.805555555555555	0	96	61	0	0	157
5.833333333333333	0	96	60	0	0	156
5.861111111111111	0	97	59	0	0	156
5.888888888888889	0	97	58	0	0	155
5.916666666666667	0	97	57	0	0	154
5.944444444444445	0	97	57	0	0	154
5.972222222222222	0	98	56	0	0	154
6.0	0	98	55	0	0	153
6.027777777777778	0	98	54	0	0	152
6.055555555555555	0	98	53	0	0	151
6.083333333333333	0	98	52	0	0	150
6.111111111111111	0	98	51	0	0	149
6.138888888888889	0	99	50	0	0	149
6.166666666666667	0	99	49	0	0	148
6.194444444444445	0	99	48	0	0	147
6.222222222222222	1	99	47	0	0	147
6.25	3	99	46	0	0	148
6.277777777777778	4	99	45	0	0	148
6.305555555555555	5	99	44	0	0	148
6.333333333333333	6	99	43	0	0	148
6.361111111111111	7	99	42	0	0	148
6.388888888888889	8	99	41	0	0	148
6.416666666666667	9	99	40	0	0	148
6.444444444444445	10	99	39	0	0	148
6.472222222222222	11	99	38	0	0	148
6.5	12	99	37	0	0	148
6.527777777777778	13	99	36	0	0	148
6.555555555555555	15	99	35	0	0	149
6.583333333333333	16	99	34	0	0	149
6.611111111111111	17	99	33	0	0	149
6.638888888888889	18	99	32	0	0	149
6.666666666666667	19	99	31	0	0	149
6.694444444444445	20	99	30	0	0	149
6.722222222222222	21	99	29	0	0	149
6.75	22	99	28	0	0	149
6.777777777777778	23	99	27	0	0	149
6.805555555555555	24	99	26	0	0	149
6.833333333333333	25	99	25	0	0	149
6.861111111111111	26	98	24	0	0	148
6.888888888888889	27	98	23	0	0	148
6.916666666666667	28	98	22	0	0	148
6.944444444444445	29	98	21	0	0	148
6.972222222222222	30	98	20	0	0	148
7.0	31	97	19	0	0	147
7.027777777777778	32	97	18	0	0	147
7.055555555555555	34	97	17	0	0	148
7.083333333333333	35	97	15	0	0	147
7.111111111111111	36	96	14	0	0	146
7.138888888888889	37	96	13	0	0	146
7.166666666666667	38	96	12	0	0	146
7.194444444444445	39	96	11	0	0	146
7.222222222222222	40	95	10	0	0	145
7.25	41	95	9	0	0	145
7.277777777777778	42	95	8	0	0	145
7.305555555555555	43	94	7	0	0	144
7.333333333333333	44	94	6	0	0	144
7.361111111111111	45	94	5	0	0	144
7.388888888888889	45	93	4	0	0	142
7.416666666666667	46	93	2	0	0	141
7.444444444444445	47	92	1	0	0	140
7.472222222222222	48	92	0	0	0	140
7.5	49	92	0	0	0	141
7.527777777777778	50	91	0	0	0	141
7.555555555555555	51	91	0	0	0	142
7.583333333333333	52	90	0	0	0	142
7.611111111111111	53	90	0	0	0	143
7.638888888888889	54	89	0	0	0	143
7.666666666666667	55	89	0	0	0	144
7.694444444444445	56	88	0	0	0	144
7.722222222222222	57	88	0	0	0	145
7.75	58	87	0	0	0	145
7.777777777777778	58	87	0	0	0	145
7.805555555555555	59	86	0	0	0	145
7.833333333333333	60	86	0	0	0	146
7.861111111111111	61	85	0	0	0	146
7.888888888888889	62	84	0	0	0	146
7.916666666666667	63	84	0	0	0	147
7.944444444444445	64	83	0	0	0	147
7.972222222222222	64	83	0	0	0	147
8.0	65	82	0	0	0	147
8.027777777777779	66	81	0	0	0	147
8.055555555555555	67	81	0	0	0	148
8.083333333333334	68	80	0	0	0	148
8.11111111111111	69	80	0	0	0	149
8.13888888888889	69	79	0	0	0	148
8.166666666666666	70	78	0	0	0	148
8.194444444444445	71	78	0	0	0	149
8.222222222222221	72	77	0	0	0	149
8.25	72	76	0	0	0	148
8.277777777777779	73	75	0	0	0	148
8.305555555555555	74	75	0	0	0	149
8.333333333333334	75	74	0	0	0	149
8.36111111111111	75	73	0	0	0	148
8.38888888888889	76	73	0	0	0	149
8.416666666666666	77	72	0	0	0	149
8.444444444444445	77	71	0	0	0	148
8.472222222222221	78	70	0	0	0	148
8.5	79	70	0	0	0	149
8.527777777777779	79	69	0	0	0	148
8.555555555555555	80	68	0	0	0	148
8.583333333333334	81	67	0	0	0	148
8.61111111111111	81	66	0	0	0	147
8.63888888888889	82	66	0	0	0	148
8.666666666666666	83	65	0	0	0	148
8.694444444444445	83	64	0	0	0	147
8.722222222222221	84	63	0	0	0	147
8.75	84	62	0	0	0	146
8.777777777777779	85	61	0	0	0	146
8.805555555555555	85	60	0	0	0	145
8.833333333333334	86	60	0	0	0	146
8.86111111111111	87	59	0	0	0	146
8.88888888888889	87	58	0	0	0	145
8.916666666666666	88	57	0	0	0	145
8.944444444444445	88	56	0	0	0	144
8.972222222222221	89	55	0	0	0	144
9.0	89	54	0	0	0	143
9.027777777777779	90	53	0	0	0	143
9.055555555555555	90	52	0	0	0	142
9.083333333333334	91	51	0	0	0	142
9.11111111111111	91	51	0	0	0	142
9.13888888888889	91	50	0	0	0	141
9.166666666666666	92	49	0	0	0	141
9.194444444444445	92	48	0	0	0	140
9.222222222222221	93	47	0	0	0	140
9.25	93	46	0	0	0	139
9.277777777777779	93	45	0	0	0	138
9.305555555555555	94	44	0	0	0	138
9.333333333333334	94	43	0	0	0	137
9.36111111111111	94	42	0	0	0	136
9.38888888888889	95	41	0	0	0	136
9.416666666666666	95	40	0	0	0	135
9.444444444444445	95	39	0	0	0	134
9.472222222222221	96	38	0	0	0	134
9.5	96	37	0	0	0	133
9.527777777777779	96	36	0	0	0	132
9.555555555555555	97	35	0	0	0	132
9.583333333333334	97	34	0	0	0	131
9.61111111111111	97	33	0	0	0	130
9.63888888888889	97	32	0	0	0	129
9.666666666666666	98	31	0	0	0	129
9.694444444444445	98	30	0	0	0	128
9.722222222222221	98	29	0	0	0	127
9.75	98	28	0	0	0	126
9.777777777777779	98	27	0	0	0	125
9.805555555555555	98	25	0	0	0	123
9.833333333333334	99	24	0	0	0	123
9.86111111111111	99	23	0	0	0	122
9.88888888888889	99	22	0	0	0	121
9.916666666666666	99	21	0	0	0	120
9.944444444444445	99	20	0	0	0	119
9.972222222222221	99	19	0	0	0	118
10.0	99	18	0	0	0	117
10.027777777777779	99	17	0	0	0	116
10.055555555555555	99	16	0	0	0	115
10.083333333333334	99	15	0	0	0	114
10.11111111111111	99	14	0	0	0	113
10.13888888888889	99	13	0	0	0	112
10.166666666666666	99	12	0	0	0	111
10.194444444444445	99	10	0	0	0	109
10.222222222222221	99	9	0	0	0	108
10.25	99	8	0	0	0	107
10.277777777777779	99	7	0	0	0	106
10.305555555555555	99	6	0	0	0	105
10.333333333333334	99	5	0	0	0	104
10.36111111111111	99	4	0	0	0	103
10.38888888888889	99	3	0	0	0	102
10.416666666666666	99	2	0	0	0	101
10.444444444444445	99	1	0	0	0	100
10.472222222222221	99	0	0	0	0	99
10.5	99	0	0	0	0	99
10.527777777777779	99	0	0	0	0	99
10.555555555555555	98	0	0	0	0	98
10.583333333333334	98	0	0	0	0	98
10.61111111111111	98	0	0	0	0	98
10.63888888888889	98	0	0	0	0	98
10.666666666666666	98	0	0	0	0	98
10.694444444444445	97	0	0	0	1	98
10.722222222222221	97	0	0	0	2	99
10.75	97	0	0	0	3	100
10.777777777777779	97	0	0	0	4	101
10.805555555555555	96	0	0	0	5	101
10.833333333333334	96	0	0	0	6	102
10.86111111111111	96	0	0	0	7	103
10.88888888888889	96	0	0	0	8	104
10.916666666666666	95	0	0	0	10	105
10.944444444444445	95	0	0	0	11	106
10.972222222222221	95	0	0	0	12	107
11.0	94	0	0	0	13	107
11.027777777777779	94	0	0	0	14	108
11.055555555555555	94	0	0	0	15	109
11.083333333333334	93	0	0	0	16	109
11.11111111111111	93	0	0	0	17	110
11.13888888888889	92	0	0	0	18	110
11.166666666666666	92	0	0	0	19	111
11.194444444444445	92	0	0	0	20	112
11.222222222222221	91	0	0	0	21	112
11.25	91	0	0	0	22	113
11.277777777777779	90	0	0	0	24	114
11.305555555555555	90	0	0	0	25	115
11.333333333333334	89	0	0	0	26	115
11.36111111111111	89	0	0	0	27	116
11.38888888888889	88	0	0	0	28	116
11.416666666666666	88	0	0	0	29	117
11.444444444444445	87	0	0	0	30	117
11.472222222222221	87	0	0	0	31	118
11.5	86	0	0	0	32	118
11.527777777777779	86	0	0	0	33	119
11.555555555555555	85	0	0	0	34	119
11.583333333333334	85	0	0	0	35	120
11.61111111111111	84	0	0	0	36	120
11.63888888888889	83	0	0	0	37	120
11.666666666666666	83	0	0	0	38	121
11.694444444444445	82	0	0	0	39	121
11.722222222222221	82	0	0	0	40	122
11.75	81	0	0	0	41	122
11.777777777777779	80	0	0	0	42	122
11.805555555555555	80	0	0	0	43	123
11.833333333333334	79	0	0	0	44	123
11.86111111111111	78	0	0	0	45	123
11.88888888888889	78	0	0	0	46	124
11.916666666666666	77	0	0	0	47	124
11.944444444444445	76	0	0	0	48	124
11.972222222222221	76	0	0	0	49	125
12.0	75	0	0	0	50	125
12.027777777777779	74	0	0	0	51	125
12.055555555555555	73	0	0	0	52	125
12.083333333333334	73	0	0	0	53	126
12.11111111111111	72	0	0	0	53	125
12.13888888888889	71	0	0	0	54	125
12.166666666666666	70	0	0	0	55	125
12.194444444444445	70	0	0	0	56	126
12.222222222222221	69	0	0	0	57	126
12.25	68	0	0	0	58	126
12.277777777777779	67	0	0	0	59	126
12.305555555555555	66	0	0	0	60	126
12.333333333333334	66	0	0	0	61	127
12.36111111111111	65	0	0	0	61	126
12.38888888888889	64	0	0	0	62	126
12.416666666666666	63	0	0	0	63	126
12.444444444444445	62	0	0	0	64	126
12.472222222222221	61	0	0	0	65	126
12.5	61	0	0	0	66	127
12.527777777777779	60	0	0	0	66	126
12.555555555555555	59	0	0	0	67	126
12.583333333333334	58	0	0	0	68	126
12.61111111111111	57	0	0	0	69	126
12.63888888888889	56	0	0	0	70	126
12.666666666666666	55	0	0	0	70	125
12.694444444444445	54	0	0	0	71	125
12.722222222222221	53	0	0	0	72	125
12.75	52	0	0	0	73	125
12.777777777777779	52	0	0	0	73	125
12.805555555555555	51	0	0	0	74	125
12.833333333333334	50	0	0	0	75	125
12.86111111111111	49	0	0	0	76	125
12.88888888888889	48	0	0	0	76	124
12.916666666666666	47	0	0	0	77	124
12.944444444444445	46	0	0	0	78	124
12.972222222222221	45	0	0	0	78	123
13.0	44	0	0	0	79	123
13.027777777777779	43	0	0	0	80	123
13.055555555555555	42	0	0	0	80	122
13.083333333333334	41	0	0	0	81	122
13.11111111111111	40	0	0	0	82	122
13.13888888888889	39	0	0	0	82	121
13.166666666666666	38	0	0	0	83	121
13.194444444444445	37	0	0	0	83	120
13.222222222222221	36	0	0	0	84	120
13.25	35	0	0	0	85	120
13.277777777777779	34	0	0	0	85	119
13.305555555555555	33	0	0	0	86	119
13.333333333333334	32	0	0	0	86	118
13.36111111111111	31	0	0	0	87	118
13.38888888888889	30	0	0	0	87	117
13.416666666666666	29	0	0	0	88	117
13.444444444444445	28	0	0	0	88	116
13.472222222222221	27	0	0	0	89	116
13.5	26	0	0	0	89	115
13.527777777777779	25	0	0	0	90	115
13.555555555555555	23	0	0	0	90	113
13.583333333333334	22	0	0	0	91	113
13.61111111111111	21	0	0	0	91	112
13.63888888888889	20	0	0	0	92	112
13.666666666666666	19	0	0	0	92	111
13.694444444444445	18	0	0	0	92	110
13.722222222222221	17	0	0	0	93	110
13.75	16	0	0	0	93	109
13.777777777777779	15	0	0	0	94	109
13.805555555555555	14	0	0	0	94	108
13.833333333333334	13	0	0	0	94	107
13.86111111111111	12	0	0	0	95	107
13.88888888888889	11	0	0	0	95	106
13.916666666666666	10	0	0	0	95	105
13.944444444444445	8	0	0	0	96	104
13.972222222222221	7	0	0	0	96	103
14.0	6	0	0	0	96	102
14.027777777777779	5	0	0	0	96	101
14.055555555555555	4	0	0	0	97	101
14.083333333333334	3	0	0	0	97	100
14.11111111111111	2	0	0	0	97	99
14.13888888888889	1	0	0	0	97	98
14.166666666666666	0	0	0	0	98	98
14.194444444444445	0	0	0	0	98	98
14.222222222222221	0	0	0	0	98	98
14.25	0	0	0	0	98	98
14.277777777777779	0	0	0	0	98	98
14.305555555555555	0	0	0	0	99	99
14.333333333333334	0	0	0	0	99	99
14.36111111111111	0	0	0	0	99	99
14.38888888888889	0	0	0	0	99	99
14.416666666666666	0	0	0	0	99	99
14.444444444444445	0	0	0	0	99	99
14.472222222222221	0	0	0	0	99	99
14.5	0	0	0	0	99	99
14.527777777777779	0	0	0	0	99	99
14.555555555555555	0	0	0	0	99	99
14.583333333333334	0	0	0	0	99	99
14.61111111111111	0	0	0	0	99	99
14.63888888888889	0	0	0	0	99	99
14.666666666666666	0	0	0	0	99	99
14.694444444444445	0	0	0	0	99	99
14.722222222222221	0	0	0	0	99	99
14.75	0	0	0	0	99	99
14.777777777777779	0	0	0	0	99	99
14.805555555555555	0	0	0	0	99	99
14.833333333333334	0	0	0	0	99	99
14.86111111111111	0	0	0	0	99	99
14.88888888888889	0	0	0	0	99	99
14.916666666666666	0	0	0	0	99	99
14.944444444444445	0	0	0	0	99	99
14.972222222222221	0	0	0	0	99	99
15.0	0	0	0	0	99	99
15.027777777777779	0	0	0	0	98	98
15.055555555555555	0	0	0	0	98	98
15.083333333333334	0	0	0	0	98	98
15.11111111111111	0	0	0	0	98	98
15.13888888888889	0	0	0	0	98	98
15.166666666666666	0	0	0	0	98	98
15.194444444444445	0	0	0	0	97	97
15.222222222222221	0	0	0	0	97	97
15.25	0	0	0	0	97	97
15.277777777777779	0	0	0	0	97	97
15.305555555555555	0	0	0	0	96	96
15.333333333333334	0	0	0	0	96	96
15.36111111111111	0	0	0	0	96	96
15.38888888888889	0	0	0	0	95	95
15.416666666666666	0	0	0	0	95	95
15.444444444444445	0	0	0	0	95	95
15.472222222222221	0	0	0	0	94	94
15.5	0	0	0	0	94	94
15.527777777777779	0	0	0	0	94	94
15.555555555555555	0	0	0	0	93	93
15.583333333333334	0	0	0	0	93	93
15.61111111111111	0	0	0	0	93	93
15.63888888888889	0	0	0	0	92	92
15.666666666666666	0	0	0	0	92	92
15.694444444444445	0	0	0	0	91	91
15.722222222222221	0	0	0	0	91	91
15.75	0	0	0	1	90	91
15.777777777777779	0	0	0	2	90	92
15.805555555555555	0	0	0	3	90	93
15.833333333333334	0	0	0	4	89	93
15.86111111111111	0	0	0	5	89	94
15.88888888888889	0	0	0	6	88	94
15.916666666666666	0	0	0	8	88	96
15.944444444444445	0	0	0	9	87	96
15.972222222222221	0	0	0	10	87	97
16.0	0	0	0	11	86	97
16.02777777777778	0	0	0	12	85	97
16.055555555555557	0	0	0	13	85	98
16.083333333333332	0	0	0	14	84	98
16.11111111111111	0	0	0	15	84	99
16.13888888888889	0	0	0	16	83	99
16.166666666666668	0	0	0	17	83	100
16.194444444444443	0	0	0	18	82	100
16.22222222222222	0	0	0	19	81	100
16.25	0	0	0	21	81	102
16.27777777777778	0	0	0	22	80	102
16.305555555555557	0	0	0	23	79	102
16.333333333333332	0	0	0	24	79	103
16.36111111111111	0	0	0	25	78	103
16.38888888888889	0	0	0	26	77	103
16.416666666666668	0	0	0	27	77	104
16.444444444444443	0	0	0	28	76	104
16.47222222222222	0	0	0	29	75	104
16.5	0	0	0	30	75	105
16.52777777777778	0	0	0	31	74	105
16.555555555555557	0	0	0	32	73	105
16.583333333333332	0	0	0	33	72	105
16.61111111111111	0	0	0	34	72	106
16.63888888888889	0	0	0	35	71	106
16.666666666666668	0	0	0	36	70	106
16.694444444444443	0	0	0	37	69	106
16.72222222222222	0	0	0	38	68	106
16.75	0	0	0	39	68	107
16.77777777777778	0	0	0	40	67	107
16.805555555555557	0	0	0	41	66	107
16.833333333333332	0	0	0	42	65	107
16.86111111111111	0	0	0	43	64	107
16.88888888888889	0	0	0	44	64	108
16.916666666666668	0	0	0	45	63	108
16.944444444444443	0	0	0	46	62	108
16.97222222222222	0	0	0	47	61	108
17.0	0	0	0	48	60	108
17.02777777777778	0	0	0	49	59	108
17.055555555555557	0	0	0	50	58	108
17.083333333333332	0	0	0	51	58	109
17.11111111111111	0	0	0	52	57	109
17.13888888888889	0	0	0	53	56	109
17.166666666666668	0	0	0	54	55	109
17.194444444444443	0	0	0	55	54	109
17.22222222222222	0	0	0	55	53	108
17.25	0	0	0	56	52	108
17.27777777777778	0	0	0	57	51	108
17.305555555555557	0	0	0	58	50	108
17.333333333333332	0	0	0	59	49	108
17.36111111111111	0	0	0	60	48	108
17.38888888888889	0	0	0	61	47	108
17.416666666666668	0	0	0	62	46	108
17.444444444444443	0	0	0	62	45	107
17.47222222222222	0	0	0	63	44	107
17.5	0	0	0	64	43	107
17.52777777777778	0	0	0	65	43	108
17.555555555555557	0	0	0	66	42	108
17.583333333333332	0	0	0	67	41	108
17.61111111111111	0	0	0	67	40	107
17.63888888888889	0	0	0	68	39	107
17.666666666666668	0	0	0	69	38	107
17.694444444444443	0	0	0	70	37	107
17.72222222222222	0	0	0	71	36	107
17.75	0	0	0	71	34	105
17.77777777777778	0	0	0	72	33	105
17.805555555555557	0	0	0	73	32	105
17.833333333333332	0	0	0	74	31	105
17.86111111111111	0	0	0	74	30	104
17.88888888888889	0	0	0	75	29	104
17.916666666666668	0	0	0	76	28	104
17.944444444444443	0	0	0	76	27	103
17.97222222222222	0	0	0	77	26	103
18.0	0	0	0	78	25	103
18.02777777777778	0	0	0	78	24	102
18.055555555555557	0	0	0	79	23	102
18.083333333333332	0	0	0	80	22	102
18.11111111111111	0	0	0	80	21	101
18.13888888888889	0	0	0	81	20	101
18.166666666666668	0	0	0	82	19	101
18.194444444444443	0	0	0	82	18	100
18.22222222222222	0	0	0	83	17	100
18.25	0	0	0	83	16	99
18.27777777777778	0	0	0	84	14	98
18.305555555555557	0	0	0	85	13	98
18.333333333333332	0	0	0	85	12	97
18.36111111111111	0	0	0	86	11	97
18.38888888888889	0	0	0	86	10	96
18.416666666666668	0	0	0	87	9	96
18.444444444444443	0	0	0	87	8	95
18.47222222222222	0	0	0	88	7	95
18.5	0	0	0	88	6	94
18.52777777777778	0	0	0	89	5	94
18.555555555555557	0	0	0	89	4	93
18.583333333333332	0	0	0	90	3	93
18.61111111111111	0	0	0	90	1	91
18.63888888888889	0	0	0	91	0	91
18.666666666666668	0	0	0	91	0	91
18.694444444444443	0	0	0	92	0	92
18.72222222222222	0	0	0	92	0	92
18.75	0	0	0	92	0	92
18.77777777777778	0	0	0	93	0	93
18.805555555555557	0	0	0	93	0	93
18.833333333333332	0	0	0	94	0	94
18.86111111111111	0	0	0	94	0	94
18.88888888888889	0	0	0	94	0	94
18.916666666666668	0	0	0	95	0	95
18.944444444444443	0	0	0	95	0	95
18.97222222222222	0	0	0	95	0	95
19.0	0	0	0	96	0	96
19.02777777777778	0	0	0	96	0	96
19.055555555555557	0	0	0	96	0	96
19.083333333333332	0	0	0	96	0	96
19.11111111111111	0	0	0	97	0	97
19.13888888888889	0	0	0	97	0	97
19.166666666666668	0	0	0	97	0	97
19.194444444444443	0	0	0	97	0	97
19.22222222222222	0	0	0	98	0	98
19.25	0	0	0	98	0	98
19.27777777777778	0	0	0	98	0	98
19.305555555555557	0	0	0	98	0	98
19.333333333333332	0	0	0	98	0	98
19.36111111111111	0	0	0	99	0	99
19.38888888888889	0	0	0	99	0	99
19.416666666666668	0	0	0	99	0	99
19.444444444444443	0	0	0	99	0	99
19.47222222222222	0	0	0	99	0	99
19.5	0	0	0	99	0	99
19.52777777777778	0	0	0	99	0	99
19.555555555555557	0	0	0	99	0	99
19.583333333333332	0	0	0	99	0	99
19.61111111111111	0	0	0	99	0	99
19.63888888888889	0	0	0	99	0	99
19.666666666666668	0	0	0	99	0	99
19.694444444444443	0	0	0	99	0	99
19.72222222222222	0	0	0	99	0	99
19.75	0	0	0	99	0	99
19.77777777777778	0	0	0	99	0	99
19.805555555555557	0	0	0	99	0	99
19.833333333333332	0	0	0	99	0	99
19.86111111111111	0	0	0	99	0	99
19.88888888888889	0	0	0	99	0	99
19.916666666666668	0	0	0	99	0	99
19.944444444444443	0	0	0	99	0	99
19.97222222222222	0	0	0	99	0	99
20.0	0	0	0	99	0	99
20.02777777777778	0	0	0	99	0	99
20.055555555555557	0	0	0	99	0	99
20.083333333333332	0	0	0	98	0	98
20.11111111111111	0	0	0	98	0	98
20.13888888888889	0	0	0	98	0	98
20.166666666666668	0	0	0	98	0	98
20.194444444444443	0	0	0	98	0	98
20.22222222222222	0	0	0	97	0	97
20.25	0	0	0	97	0	97
20.27777777777778	0	0	0	97	0	97
20.305555555555557	0	0	0	97	0	97
20.333333333333332	0	0	0	97	0	97
20.36111111111111	0	0	0	96	0	96
20.38888888888889	0	0	0	96	0	96
20.416666666666668	0	0	0	96	0	96
20.444444444444443	0	0	0	95	0	95
20.47222222222222	0	0	0	95	0	95
20.5	0	0	0	95	0	95
20.52777777777778	0	0	0	94	0	94
20.555555555555557	0	0	0	94	0	94
20.583333333333332	0	0	0	94	0	94
20.61111111111111	0	0	0	93	0	93
20.63888888888889	0	0	0	93	0	93
20.666666666666668	0	0	0	93	0	93
20.694444444444443	0	0	0	92	0	92
20.72222222222222	0	0	0	92	0	92
20.75	0	0	0	91	0	91
20.77777777777778	0	0	0	91	0	91
20.805555555555557	0	0	0	90	0	90
20.833333333333332	0	0	0	90	0	90
20.86111111111111	0	0	0	89	0	89
20.88888888888889	0	0	0	89	0	89
20.916666666666668	0	0	0	88	0	88
20.944444444444443	0	0	0	88	0	88
20.97222222222222	0	0	0	87	0	87
21.0	0	0	0	87	0	87
21.02777777777778	0	0	0	86	0	86
21.055555555555557	0	0	0	86	0	86
21.083333333333332	0	0	0	85	0	85
21.11111111111111	0	0	0	85	0	85
21.13888888888889	0	0	0	84	0	84
21.166666666666668	0	0	0	84	0	84
21.194444444444443	0	0	0	83	0	83
21.22222222222222	0	0	0	82	0	82
21.25	0	0	0	82	0	82
21.27777777777778	0	0	0	81	0	81
21.305555555555557	0	0	0	81	0	81
21.333333333333332	0	0	0	80	0	80
21.36111111111111	0	0	0	79	0	79
21.38888888888889	0	0	0	79	0	79
21.416666666666668	0	0	0	78	0	78
21.444444444444443	0	0	0	77	0	77
21.47222222222222	0	0	0	77	0	77
21.5	0	0	0	76	0	76
21.52777777777778	0	0	0	75	0	75
21.555555555555557	0	0	0	74	0	74
21.583333333333332	0	0	0	74	0	74
21.61111111111111	0	0	0	73	0	73
21.63888888888889	0	0	0	72	0	72
21.666666666666668	0	0	0	71	0	71
21.694444444444443	0	0	0	71	0	71
21.72222222222222	0	0	0	70	0	70
21.75	0	0	0	69	0	69
21.77777777777778	0	0	0	68	0	68
21.805555555555557	0	0	0	68	0	68
21.833333333333332	0	0	0	67	0	67
21.86111111111111	0	0	0	66	0	66
21.88888888888889	0	0	0	65	0	65
21.916666666666668	0	0	0	64	0	64
21.944444444444443	0	0	0	63	0	63
21.97222222222222	0	0	0	63	0	63
22.0	0	0	0	62	0	62
22.02777777777778	0	0	0	61	0	61
22.055555555555557	0	0	0	60	0	60
22.083333333333332	0	0	0	59	0	59
22.11111111111111	0	0	0	58	0	58
22.13888888888889	0	0	0	57	0	57
22.166666666666668	0	0	0	56	0	56
22.194444444444443	0	0	0	56	0	56
22.22222222222222	0	0	0	55	0	55
22.25	0	0	0	54	0	54
22.27777777777778	0	0	0	53	0	53
22.305555555555557	0	0	0	52	0	52
22.333333333333332	0	0	0	51	0	51
22.36111111111111	0	0	0	50	0	50
22.38888888888889	0	0	0	49	0	49
22.416666666666668	0	0	0	48	0	48
22.444444444444443	0	0	0	47	0	47
22.47222222222222	0	0	0	46	0	46
22.5	0	0	0	45	0	45
22.52777777777778	0	0	0	44	0	44
22.555555555555557	0	0	0	43	0	43
22.583333333333332	0	0	0	42	0	42
22.61111111111111	0	0	0	41	0	41
22.63888888888889	0	0	0	40	0	40
22.666666666666668	0	0	0	39	0	39
22.694444444444443	0	0	0	38	0	38
22.72222222222222	0	0	0	37	0	37
22.75	0	0	0	36	0	36
22.77777777777778	0	0	0	35	0	35
22.805555555555557	0	0	0	34	0	34
22.833333333333332	0	0	0	33	0	33
22.86111111111111	0	0	0	32	0	32
22.88888888888889	0	0	0	31	0	31
22.916666666666668	0	0	0	30	0	30
22.944444444444443	0	0	0	29	0	29
22.97222222222222	0	0	0	28	0	28
23.0	0	0	0	27	0	27
23.02777777777778	0	0	0	26	0	26
23.055555555555557	0	0	0	25	0	25
23.083333333333332	0	0	0	24	0	24
23.11111111111111	0	0	0	23	0	23
23.13888888888889	0	0	0	22	0	22
23.166666666666668	0	0	0	21	0	21
23.194444444444443	0	0	0	20	0	20
23.22222222222222	0	0	0	19	0	19
23.25	0	0	0	18	0	18
23.27777777777778	0	0	0	16	0	16
23.305555555555557	0	0	0	15	0	15
23.333333333333332	0	0	0	14	0	14
23.36111111111111	0	0	0	13	0	13
23.38888888888889	0	0	0	12	0	12
23.416666666666668	0	0	0	11	0	11
23.444444444444443	0	0	0	10	0	10
23.47222222222222	0	0	0	9	0	9
23.5	0	0	0	8	0	8
23.52777777777778	0	0	1	7	0	8
23.555555555555557	0	0	2	6	0	8
23.583333333333332	0	0	3	5	0	8
23.61111111111111	0	0	4	3	0	7
23.63888888888889	0	0	5	2	0	7
23.666666666666668	0	0	6	1	0	7
23.694444444444443	0	0	7	0	0	7
23.72222222222222	0	0	9	0	0	9
23.75	0	0	10	0	0	10
23.77777777777778	0	0	11	0	0	11
23.805555555555557	0	0	12	0	0	12
23.833333333333332	0	0	13	0	0	13
23.86111111111111	0	0	14	0	0	14
23.88888888888889	0	0	15	0	0	15
23.916666666666668	0	0	16	0	0	16
23.944444444444443	0	0	17	0	0	17
23.97222222222222	0	0	18	0	0	18
24.0	0	0	19	0	0	19
