0	514	44	0
3	510	43	0
7	518	43	0
10	528	42	0
14	518	42	0
18	542	42	0
21	534	42	0
25	530	42	0
28	536	42	0
32	521	42	0
36	535	41	0
39	545	41	0
43	546	41	0
46	532	41	0
50	543	41	0
54	539	41	0
57	552	41	0
61	531	41	0
64	543	41	0
68	541	41	0
72	533	41	0
75	522	41	0
79	544	41	0
82	527	41	0
86	540	41	0
90	522	41	0
93	534	41	0
97	537	41	0
100	530	41	0
104	518	41	0
108	533	41	0
111	535	41	0
115	539	41	0
118	535	41	0
122	531	41	0
126	537	41	0
129	543	41	0
133	545	41	0
136	528	41	0
140	525	41	0
144	546	41	0
147	542	41	0
151	538	41	0
154	540	41	0
158	526	41	0
162	538	41	0
165	530	41	0
169	544	41	0
172	550	41	0
176	533	41	0
180	535	41	0
183	537	41	0
187	531	41	0
190	535	41	0
194	524	41	0
198	535	41	0
201	540	41	0
205	548	41	0
208	542	41	0
212	540	41	0
216	542	41	0
219	541	41	0
223	538	41	0
226	525	41	0
230	533	42	0
234	534	42	0
237	544	42	0
241	528	42	0
244	528	42	0
248	538	42	0
252	514	42	0
255	542	43	0
259	518	43	0
262	518	44	0
266	496	45	0
270	490	49	0
273	353	77	1
277	98	339	0
280	99	339	0
284	98	339	0
288	100	339	0
291	100	339	0
295	98	339	0
298	99	339	0
302	99	339	0
306	100	339	0
309	99	339	0
313	99	339	0
316	98	339	0
320	100	339	0
324	99	339	0
327	98	339	0
331	99	339	0
334	98	339	0
338	99	339	0
342	100	339	0
345	98	339	0
349	99	339	0
352	98	339	0
356	99	339	0
360	98	339	0
363	98	339	0
367	99	339	0
370	99	339	0
374	99	339	0
378	98	339	0
381	98	340	0
385	104	322	0
388	107	310	0
392	109	307	0
396	108	305	0
399	108	305	0
403	109	305	0
406	109	304	0
410	108	304	0
414	109	304	0
417	109	304	0
421	110	304	0
424	109	304	0
428	110	303	0
432	109	303	0
435	109	303	0
439	109	303	0
442	109	303	0
446	111	303	0
450	110	303	0
453	109	303	0
457	110	303	0
460	110	303	0
464	110	303	0
468	109	303	0
471	109	303	0
475	110	303	0
478	109	303	0
482	110	303	0
486	108	303	0
489	110	303	0
493	107	303	0
496	110	303	0
500	111	303	0
504	109	303	0
507	110	303	0
511	110	303	0
514	110	303	0
518	108	303	0
522	109	303	0
525	111	303	0
529	107	303	0
532	110	303	0
536	110	303	0
540	110	303	0
543	108	303	0
547	109	303	0
550	110	303	0
554	110	303	0
558	110	303	0
561	110	303	0
565	273	105	0
568	458	51	0
572	487	46	0
576	503	44	0
579	509	43	0
583	539	43	0
586	529	42	0
590	533	42	0
594	530	42	0
597	538	42	0
601	523	42	0
604	517	42	0
608	526	42	0
612	529	41	0
615	545	41	0
619	550	41	0
622	534	41	0
626	536	41	0
630	548	41	0
633	540	41	0
637	544	41	0
640	543	41	0
644	530	41	0
648	533	41	0
651	545	41	0
655	546	41	0
658	539	41	0
662	543	41	0
666	530	41	0
669	535	41	0
673	539	41	0
676	540	41	0
680	532	41	0
684	526	41	0
687	553	41	0
691	538	41	0
694	537	41	0
698	546	41	0
702	544	41	0
705	547	41	0
709	531	41	0
712	527	41	0
716	519	41	0
720	535	41	0
723	524	41	0
727	540	41	0
730	540	41	0
734	541	41	0
738	546	41	0
741	542	41	0
745	526	41	0
748	544	41	0
752	528	41	0
756	539	41	0
759	543	41	0
763	553	41	0
766	535	41	0
770	525	41	0
774	538	41	0
777	545	41	0
781	533	41	0
784	537	41	0
788	524	41	0
792	548	41	0
795	543	41	0
799	535	41	0
802	528	41	0
806	537	42	0
810	522	42	0
813	529	42	0
817	522	42	0
820	542	42	0
824	526	42	0
828	509	42	0
831	510	43	0
835	513	43	0
838	513	44	0
842	505	45	0
846	492	49	0
849	347	78	0
853	73	469	0
856	72	468	0
