0	105	313	0
3	105	312	0
7	106	312	0
10	105	312	0
14	107	312	0
18	105	312	0
21	107	312	0
25	107	312	0
28	106	311	0
32	108	311	0
36	106	311	0
39	107	311	0
43	106	311	0
46	107	311	0
50	107	311	0
54	108	311	0
57	105	311	0
61	108	311	0
64	105	311	0
68	107	311	0
72	106	311	0
75	107	311	0
79	107	311	0
82	106	311	0
86	106	311	0
90	106	311	0
93	108	311	0
97	106	311	0
100	107	311	0
104	106	311	0
108	107	311	0
111	106	311	0
115	106	311	0
118	105	311	0
122	108	311	0
126	107	311	0
129	108	311	0
133	107	311	0
136	107	311	0
140	107	311	0
144	107	311	0
147	108	311	0
151	108	311	0
154	108	311	0
158	106	311	0
162	108	311	0
165	107	311	0
169	107	311	0
172	106	311	0
176	178	177	0
180	525	41	0
183	546	41	0
187	539	41	0
190	543	41	0
194	541	41	0
198	535	41	0
201	534	41	0
205	535	41	0
208	534	41	0
212	526	41	0
216	540	41	0
219	527	41	0
223	543	41	0
226	525	41	0
230	537	41	0
234	534	41	0
237	534	41	0
241	536	41	0
244	535	41	0
248	539	41	0
252	546	41	0
255	539	41	0
259	546	41	0
262	544	41	0
266	535	41	0
270	530	41	0
273	539	41	0
277	549	41	0
280	534	41	0
284	528	41	0
288	539	41	0
291	526	41	0
295	540	41	0
298	197	155	0
302	101	329	0
306	101	329	0
309	102	329	0
313	102	329	0
316	101	329	0
320	99	329	0
324	103	329	0
327	100	329	0
331	100	329	0
334	102	329	0
338	102	329	0
342	101	329	0
345	101	329	0
349	102	329	0
352	101	329	0
356	101	329	0
360	101	329	0
363	101	329	0
367	101	329	0
370	100	329	0
374	101	329	0
378	101	329	0
381	101	329	0
385	102	329	0
388	101	329	0
392	102	329	0
396	101	329	0
399	102	329	0
403	100	329	0
406	101	329	0
410	100	329	0
414	101	329	0
417	102	329	0
421	102	329	0
424	101	329	0
428	102	329	0
432	101	329	0
435	102	329	0
439	103	329	0
442	102	329	0
446	80	418	0
450	76	443	0
453	76	443	0
457	77	443	0
460	77	443	0
464	77	443	0
468	77	443	0
471	78	443	0
475	77	443	0
478	76	443	0
482	76	443	0
486	77	443	0
489	77	443	0
493	77	443	0
496	77	443	0
500	77	443	0
504	77	443	0
507	76	443	0
511	78	443	0
514	76	443	0
518	76	443	0
522	77	443	0
525	77	443	0
529	77	443	0
532	77	443	0
536	76	443	0
540	76	443	0
543	77	443	0
547	77	443	0
550	77	443	0
554	76	443	0
558	76	443	0
561	78	443	0
565	76	443	0
568	76	443	0
572	77	443	0
576	77	443	0
579	77	443	0
583	77	443	0
586	78	443	0
590	77	443	0
594	76	443	0
597	77	443	0
601	77	443	0
604	77	443	0
608	77	443	0
612	76	443	0
615	80	429	0
619	93	361	0
622	94	361	0
626	92	361	0
630	94	361	0
633	92	361	0
637	94	361	0
640	92	361	0
644	94	361	0
648	93	361	0
651	93	361	0
655	94	361	0
658	94	361	0
662	92	361	0
666	93	361	0
669	93	361	0
673	93	361	0
676	93	361	0
680	92	361	0
684	92	361	0
687	93	361	0
691	92	361	0
694	94	361	0
698	93	361	0
702	93	361	0
705	92	361	0
709	94	361	0
712	92	361	0
716	93	361	0
720	93	361	0
723	92	361	0
727	94	361	0
730	93	361	0
734	92	361	0
738	93	361	0
741	93	361	0
745	95	361	0
748	92	361	0
752	93	361	0
756	93	361	0
759	93	361	0
763	93	361	0
766	93	361	0
770	92	361	0
774	93	361	0
777	93	361	0
781	93	361	0
784	93	361	0
788	92	361	0
792	93	361	0
795	93	361	0
799	92	361	0
802	94	361	0
806	92	362	0
810	92	362	0
813	94	362	0
817	94	362	0
820	93	362	0
824	93	362	0
828	94	362	0
831	92	363	0
835	93	363	0
838	92	364	0
842	92	365	0
846	91	369	0
849	104	321	0
853	105	315	0
856	106	314	0
